9 -0.24361 0.58789 -0.28368
-0.25882 0.58234 -0.28204
-0.27334 0.57668 -0.27730
-0.28675 0.57113 -0.26990
-0.29885 0.56586 -0.26035
-0.30963 0.56094 -0.24917
-0.31927 0.55635 -0.23684
-0.32807 0.55202 -0.22381
-0.33639 0.54779 -0.21045
32 0.24340 0.58789 -0.28368
0.22824 0.59305 -0.28368
0.21297 0.59788 -0.28368
0.19760 0.60237 -0.28368
0.18213 0.60652 -0.28368
0.16658 0.61034 -0.28368
0.15095 0.61381 -0.28368
0.13524 0.61694 -0.28368
0.11947 0.61973 -0.28368
0.10364 0.62217 -0.28368
0.08777 0.62427 -0.28368
0.07185 0.62602 -0.28368
0.05589 0.62741 -0.28368
0.03991 0.62846 -0.28368
0.02391 0.62916 -0.28368
0.00790 0.62951 -0.28368
-0.00811 0.62951 -0.28368
-0.02412 0.62916 -0.28368
-0.04012 0.62846 -0.28368
-0.05610 0.62741 -0.28368
-0.07206 0.62602 -0.28368
-0.08798 0.62427 -0.28368
-0.10385 0.62217 -0.28368
-0.11968 0.61973 -0.28368
-0.13545 0.61694 -0.28368
-0.15116 0.61381 -0.28368
-0.16679 0.61034 -0.28368
-0.18234 0.60652 -0.28368
-0.19781 0.60237 -0.28368
-0.21318 0.59788 -0.28368
-0.22845 0.59305 -0.28368
-0.24361 0.58789 -0.28368
9 0.24340 0.58789 -0.28368
0.25861 0.58234 -0.28204
0.27313 0.57668 -0.27730
0.28654 0.57113 -0.26990
0.29864 0.56586 -0.26035
0.30942 0.56094 -0.24917
0.31906 0.55635 -0.23684
0.32786 0.55202 -0.22381
0.33618 0.54779 -0.21045
52 0.73226 -0.10280 -0.00905
0.73209 -0.08710 -0.00905
0.73158 -0.07140 -0.00905
0.73074 -0.05572 -0.00905
0.72956 -0.04006 -0.00905
0.72805 -0.02442 -0.00905
0.72620 -0.00883 -0.00905
0.72402 0.00673 -0.00905
0.72151 0.02223 -0.00905
0.71866 0.03767 -0.00905
0.71548 0.05305 -0.00905
0.71197 0.06836 -0.00905
0.70814 0.08359 -0.00905
0.70398 0.09874 -0.00905
0.69950 0.11379 -0.00905
0.69469 0.12874 -0.00905
0.68957 0.14359 -0.00905
0.68412 0.15832 -0.00905
0.67837 0.17293 -0.00905
0.67230 0.18742 -0.00905
0.66592 0.20177 -0.00905
0.65923 0.21598 -0.00905
0.65225 0.23005 -0.00905
0.64496 0.24396 -0.00905
0.63737 0.25772 -0.00905
0.62950 0.27130 -0.00905
0.62133 0.28472 -0.00905
0.61288 0.29795 -0.00905
0.60414 0.31101 -0.00905
0.59513 0.32387 -0.00905
0.58584 0.33654 -0.00905
0.57629 0.34900 -0.00905
0.56647 0.36126 -0.00905
0.55638 0.37330 -0.00905
0.54605 0.38512 -0.00905
0.53546 0.39672 -0.00905
0.52462 0.40809 -0.00905
0.51355 0.41923 -0.00905
0.50223 0.43012 -0.00905
0.49069 0.44077 -0.00905
0.47892 0.45117 -0.00905
0.46693 0.46132 -0.00905
0.45473 0.47120 -0.00905
0.44231 0.48082 -0.00905
0.42970 0.49018 -0.00905
0.41688 0.49926 -0.00905
0.40388 0.50806 -0.00905
0.39068 0.51658 -0.00905
0.37731 0.52482 -0.00905
0.36377 0.53277 -0.00905
0.35005 0.54042 -0.00905
0.33618 0.54779 -0.00905
295 0.73226 -0.10280 -0.37523
0.73209 -0.08715 -0.37523
0.73159 -0.07151 -0.37523
0.73075 -0.05588 -0.37523
0.72958 -0.04027 -0.37523
0.72808 -0.02469 -0.37523
0.72624 -0.00915 -0.37523
0.72408 0.00635 -0.37523
0.72158 0.02180 -0.37523
0.71875 0.03719 -0.37523
0.71560 0.05252 -0.37523
0.71211 0.06778 -0.37523
0.70831 0.08296 -0.37523
0.70417 0.09806 -0.37523
0.69972 0.11306 -0.37523
0.69495 0.12797 -0.37523
0.68986 0.14277 -0.37523
0.68445 0.15746 -0.37523
0.67873 0.17203 -0.37523
0.67271 0.18647 -0.37523
0.66637 0.20078 -0.37523
0.65973 0.21496 -0.37523
0.65279 0.22898 -0.37523
0.64555 0.24286 -0.37523
0.63802 0.25658 -0.37523
0.63019 0.27013 -0.37523
0.62208 0.28352 -0.37523
0.61368 0.29673 -0.37523
0.60500 0.30975 -0.37523
0.59605 0.32259 -0.37523
0.58682 0.33523 -0.37523
0.57733 0.34767 -0.37523
0.56757 0.35991 -0.37523
0.55755 0.37193 -0.37523
0.54728 0.38374 -0.37523
0.53675 0.39533 -0.37523
0.52599 0.40669 -0.37523
0.51498 0.41781 -0.37523
0.50374 0.42870 -0.37523
0.49226 0.43935 -0.37523
0.48056 0.44975 -0.37523
0.46865 0.45989 -0.37523
0.45652 0.46978 -0.37523
0.44418 0.47941 -0.37523
0.43163 0.48877 -0.37523
0.41889 0.49786 -0.37523
0.40596 0.50668 -0.37523
0.39284 0.51521 -0.37523
0.37955 0.52347 -0.37523
0.36608 0.53144 -0.37523
0.35244 0.53912 -0.37523
0.33864 0.54651 -0.37523
0.32469 0.55360 -0.37523
0.31059 0.56039 -0.37523
0.29634 0.56688 -0.37523
0.28196 0.57306 -0.37523
0.26746 0.57893 -0.37523
0.25283 0.58450 -0.37523
0.23808 0.58974 -0.37523
0.22323 0.59468 -0.37523
0.20827 0.59929 -0.37523
0.19322 0.60358 -0.37523
0.17808 0.60755 -0.37523
0.16286 0.61120 -0.37523
0.14757 0.61452 -0.37523
0.13220 0.61751 -0.37523
0.11678 0.62017 -0.37523
0.10130 0.62250 -0.37523
0.08578 0.62451 -0.37523
0.07022 0.62617 -0.37523
0.05462 0.62751 -0.37523
0.03901 0.62851 -0.37523
0.02337 0.62918 -0.37523
0.00772 0.62952 -0.37523
-0.00793 0.62952 -0.37523
-0.02358 0.62918 -0.37523
-0.03922 0.62851 -0.37523
-0.05483 0.62751 -0.37523
-0.07043 0.62617 -0.37523
-0.08599 0.62451 -0.37523
-0.10151 0.62250 -0.37523
-0.11699 0.62017 -0.37523
-0.13241 0.61751 -0.37523
-0.14778 0.61452 -0.37523
-0.16307 0.61120 -0.37523
-0.17829 0.60755 -0.37523
-0.19343 0.60358 -0.37523
-0.20848 0.59929 -0.37523
-0.22344 0.59468 -0.37523
-0.23829 0.58974 -0.37523
-0.25304 0.58450 -0.37523
-0.26767 0.57893 -0.37523
-0.28217 0.57306 -0.37523
-0.29655 0.56688 -0.37523
-0.31080 0.56039 -0.37523
-0.32490 0.55360 -0.37523
-0.33885 0.54651 -0.37523
-0.35265 0.53912 -0.37523
-0.36629 0.53144 -0.37523
-0.37976 0.52347 -0.37523
-0.39305 0.51521 -0.37523
-0.40617 0.50668 -0.37523
-0.41910 0.49786 -0.37523
-0.43184 0.48877 -0.37523
-0.44439 0.47941 -0.37523
-0.45673 0.46978 -0.37523
-0.46886 0.45989 -0.37523
-0.48077 0.44975 -0.37523
-0.49247 0.43935 -0.37523
-0.50395 0.42870 -0.37523
-0.51519 0.41781 -0.37523
-0.52620 0.40669 -0.37523
-0.53696 0.39533 -0.37523
-0.54749 0.38374 -0.37523
-0.55776 0.37193 -0.37523
-0.56778 0.35991 -0.37523
-0.57754 0.34767 -0.37523
-0.58703 0.33523 -0.37523
-0.59626 0.32259 -0.37523
-0.60521 0.30975 -0.37523
-0.61389 0.29673 -0.37523
-0.62229 0.28352 -0.37523
-0.63040 0.27013 -0.37523
-0.63823 0.25658 -0.37523
-0.64576 0.24286 -0.37523
-0.65300 0.22898 -0.37523
-0.65994 0.21496 -0.37523
-0.66658 0.20078 -0.37523
-0.67292 0.18647 -0.37523
-0.67894 0.17203 -0.37523
-0.68466 0.15746 -0.37523
-0.69007 0.14277 -0.37523
-0.69516 0.12797 -0.37523
-0.69993 0.11306 -0.37523
-0.70438 0.09806 -0.37523
-0.70852 0.08296 -0.37523
-0.71232 0.06778 -0.37523
-0.71581 0.05252 -0.37523
-0.71896 0.03719 -0.37523
-0.72179 0.02180 -0.37523
-0.72429 0.00635 -0.37523
-0.72645 -0.00915 -0.37523
-0.72829 -0.02469 -0.37523
-0.72979 -0.04027 -0.37523
-0.73096 -0.05588 -0.37523
-0.73180 -0.07151 -0.37523
-0.73230 -0.08715 -0.37523
-0.73247 -0.10280 -0.37523
-0.73230 -0.11845 -0.37523
-0.73180 -0.13410 -0.37523
-0.73096 -0.14973 -0.37523
-0.72979 -0.16533 -0.37523
-0.72829 -0.18091 -0.37523
-0.72645 -0.19646 -0.37523
-0.72429 -0.21196 -0.37523
-0.72179 -0.22741 -0.37523
-0.71896 -0.24280 -0.37523
-0.71581 -0.25813 -0.37523
-0.71232 -0.27339 -0.37523
-0.70852 -0.28857 -0.37523
-0.70438 -0.30367 -0.37523
-0.69993 -0.31867 -0.37523
-0.69516 -0.33358 -0.37523
-0.69007 -0.34838 -0.37523
-0.68466 -0.36307 -0.37523
-0.67894 -0.37763 -0.37523
-0.67292 -0.39208 -0.37523
-0.66658 -0.40639 -0.37523
-0.65994 -0.42056 -0.37523
-0.65300 -0.43459 -0.37523
-0.64576 -0.44847 -0.37523
-0.63823 -0.46219 -0.37523
-0.63040 -0.47574 -0.37523
-0.62229 -0.48913 -0.37523
-0.61389 -0.50233 -0.37523
-0.60521 -0.51536 -0.37523
-0.59626 -0.52819 -0.37523
-0.58703 -0.54084 -0.37523
-0.57754 -0.55328 -0.37523
-0.56778 -0.56552 -0.37523
-0.55776 -0.57754 -0.37523
-0.54749 -0.58935 -0.37523
-0.53696 -0.60094 -0.37523
-0.52620 -0.61230 -0.37523
-0.51519 -0.62342 -0.37523
-0.50395 -0.63431 -0.37523
-0.49247 -0.64496 -0.37523
-0.48077 -0.65535 -0.37523
-0.46886 -0.66550 -0.37523
-0.45673 -0.67539 -0.37523
-0.44439 -0.68501 -0.37523
-0.43184 -0.69438 -0.37523
-0.41910 -0.70347 -0.37523
-0.40617 -0.71228 -0.37523
-0.39305 -0.72082 -0.37523
-0.37976 -0.72908 -0.37523
-0.36629 -0.73705 -0.37523
-0.35265 -0.74473 -0.37523
-0.33885 -0.75212 -0.37523
-0.32490 -0.75921 -0.37523
-0.31080 -0.76600 -0.37523
-0.29655 -0.77248 -0.37523
-0.28217 -0.77867 -0.37523
-0.26767 -0.78454 -0.37523
-0.25304 -0.79010 -0.37523
-0.23829 -0.79535 -0.37523
-0.22344 -0.80028 -0.37523
-0.20848 -0.80490 -0.37523
-0.19343 -0.80919 -0.37523
-0.17829 -0.81316 -0.37523
-0.16307 -0.81680 -0.37523
-0.14778 -0.82012 -0.37523
-0.13241 -0.82312 -0.37523
-0.11699 -0.82578 -0.37523
-0.10151 -0.82811 -0.37523
-0.08599 -0.83011 -0.37523
-0.07043 -0.83178 -0.37523
-0.05483 -0.83312 -0.37523
-0.03922 -0.83412 -0.37523
-0.02358 -0.83479 -0.37523
-0.00793 -0.83512 -0.37523
0.00772 -0.83512 -0.37523
0.02337 -0.83479 -0.37523
0.03901 -0.83412 -0.37523
0.05462 -0.83312 -0.37523
0.07022 -0.83178 -0.37523
0.08578 -0.83011 -0.37523
0.10130 -0.82811 -0.37523
0.11678 -0.82578 -0.37523
0.13220 -0.82312 -0.37523
0.14757 -0.82012 -0.37523
0.16286 -0.81680 -0.37523
0.17808 -0.81316 -0.37523
0.19322 -0.80919 -0.37523
0.20827 -0.80490 -0.37523
0.22323 -0.80028 -0.37523
0.23808 -0.79535 -0.37523
0.25283 -0.79010 -0.37523
0.26746 -0.78454 -0.37523
0.28196 -0.77867 -0.37523
0.29634 -0.77248 -0.37523
0.31059 -0.76600 -0.37523
0.32469 -0.75921 -0.37523
0.33864 -0.75212 -0.37523
0.35244 -0.74473 -0.37523
0.36608 -0.73705 -0.37523
0.37955 -0.72908 -0.37523
0.39284 -0.72082 -0.37523
0.40596 -0.71228 -0.37523
0.41889 -0.70347 -0.37523
0.43163 -0.69438 -0.37523
0.44418 -0.68501 -0.37523
0.45652 -0.67539 -0.37523
0.46865 -0.66550 -0.37523
0.48056 -0.65535 -0.37523
0.49226 -0.64496 -0.37523
0.50374 -0.63431 -0.37523
0.51498 -0.62342 -0.37523
0.52599 -0.61230 -0.37523
0.53675 -0.60094 -0.37523
0.54728 -0.58935 -0.37523
0.55755 -0.57754 -0.37523
0.56757 -0.56552 -0.37523
0.57733 -0.55328 -0.37523
0.58682 -0.54084 -0.37523
0.59605 -0.52819 -0.37523
0.60500 -0.51536 -0.37523
0.61368 -0.50233 -0.37523
0.62208 -0.48913 -0.37523
0.63019 -0.47574 -0.37523
0.63802 -0.46219 -0.37523
0.64555 -0.44847 -0.37523
0.65279 -0.43459 -0.37523
0.65973 -0.42056 -0.37523
0.66637 -0.40639 -0.37523
0.67271 -0.39208 -0.37523
0.67873 -0.37763 -0.37523
0.68445 -0.36307 -0.37523
0.68986 -0.34838 -0.37523
0.69495 -0.33358 -0.37523
0.69972 -0.31867 -0.37523
0.70417 -0.30367 -0.37523
0.70831 -0.28857 -0.37523
0.71211 -0.27339 -0.37523
0.71560 -0.25813 -0.37523
0.71875 -0.24280 -0.37523
0.72158 -0.22741 -0.37523
0.72408 -0.21196 -0.37523
0.72624 -0.19646 -0.37523
0.72808 -0.18091 -0.37523
0.72958 -0.16533 -0.37523
0.73075 -0.14973 -0.37523
0.73159 -0.13410 -0.37523
0.73209 -0.11845 -0.37523
0.73226 -0.10280 -0.37523
199 -0.33639 0.54779 -0.00905
-0.35023 0.54044 -0.00905
-0.36391 0.53281 -0.00905
-0.37742 0.52488 -0.00905
-0.39076 0.51667 -0.00905
-0.40392 0.50817 -0.00905
-0.41689 0.49939 -0.00905
-0.42968 0.49034 -0.00905
-0.44227 0.48102 -0.00905
-0.45465 0.47143 -0.00905
-0.46683 0.46157 -0.00905
-0.47880 0.45146 -0.00905
-0.49054 0.44110 -0.00905
-0.50206 0.43048 -0.00905
-0.51335 0.41962 -0.00905
-0.52441 0.40853 -0.00905
-0.53523 0.39719 -0.00905
-0.54580 0.38563 -0.00905
-0.55612 0.37385 -0.00905
-0.56619 0.36185 -0.00905
-0.57600 0.34963 -0.00905
-0.58554 0.33721 -0.00905
-0.59482 0.32459 -0.00905
-0.60383 0.31177 -0.00905
-0.61256 0.29877 -0.00905
-0.62101 0.28557 -0.00905
-0.62917 0.27220 -0.00905
-0.63705 0.25866 -0.00905
-0.64463 0.24496 -0.00905
-0.65192 0.23109 -0.00905
-0.65892 0.21707 -0.00905
-0.66561 0.20291 -0.00905
-0.67199 0.18861 -0.00905
-0.67807 0.17417 -0.00905
-0.68384 0.15960 -0.00905
-0.68930 0.14492 -0.00905
-0.69444 0.13012 -0.00905
-0.69926 0.11522 -0.00905
-0.70377 0.10021 -0.00905
-0.70795 0.08512 -0.00905
-0.71180 0.06993 -0.00905
-0.71534 0.05467 -0.00905
-0.71854 0.03934 -0.00905
-0.72142 0.02394 -0.00905
-0.72396 0.00848 -0.00905
-0.72618 -0.00703 -0.00905
-0.72806 -0.02258 -0.00905
-0.72961 -0.03817 -0.00905
-0.73082 -0.05379 -0.00905
-0.73171 -0.06943 -0.00905
-0.73225 -0.08508 -0.00905
-0.73246 -0.10075 -0.00905
-0.73234 -0.11641 -0.00905
-0.73188 -0.13207 -0.00905
-0.73109 -0.14771 -0.00905
-0.72996 -0.16334 -0.00905
-0.72850 -0.17894 -0.00905
-0.72670 -0.19450 -0.00905
-0.72458 -0.21002 -0.00905
-0.72212 -0.22549 -0.00905
-0.71933 -0.24090 -0.00905
-0.71621 -0.25626 -0.00905
-0.71276 -0.27154 -0.00905
-0.70899 -0.28674 -0.00905
-0.70490 -0.30186 -0.00905
-0.70048 -0.31689 -0.00905
-0.69574 -0.33182 -0.00905
-0.69068 -0.34665 -0.00905
-0.68531 -0.36136 -0.00905
-0.67962 -0.37596 -0.00905
-0.67362 -0.39043 -0.00905
-0.66732 -0.40477 -0.00905
-0.66070 -0.41897 -0.00905
-0.65379 -0.43303 -0.00905
-0.64658 -0.44694 -0.00905
-0.63907 -0.46068 -0.00905
-0.63127 -0.47427 -0.00905
-0.62318 -0.48768 -0.00905
-0.61480 -0.50092 -0.00905
-0.60615 -0.51398 -0.00905
-0.59721 -0.52685 -0.00905
-0.58801 -0.53952 -0.00905
-0.57853 -0.55200 -0.00905
-0.56879 -0.56427 -0.00905
-0.55879 -0.57632 -0.00905
-0.54854 -0.58817 -0.00905
-0.53803 -0.59979 -0.00905
-0.52728 -0.61118 -0.00905
-0.51628 -0.62234 -0.00905
-0.50505 -0.63326 -0.00905
-0.49359 -0.64394 -0.00905
-0.48190 -0.65437 -0.00905
-0.47000 -0.66455 -0.00905
-0.45787 -0.67447 -0.00905
-0.44554 -0.68413 -0.00905
-0.43301 -0.69352 -0.00905
-0.42027 -0.70265 -0.00905
-0.40735 -0.71150 -0.00905
-0.39423 -0.72007 -0.00905
-0.38094 -0.72836 -0.00905
-0.36747 -0.73636 -0.00905
-0.35384 -0.74407 -0.00905
-0.34004 -0.75149 -0.00905
-0.32609 -0.75861 -0.00905
-0.31199 -0.76544 -0.00905
-0.29774 -0.77196 -0.00905
-0.28336 -0.77817 -0.00905
-0.26885 -0.78407 -0.00905
-0.25422 -0.78967 -0.00905
-0.23947 -0.79494 -0.00905
-0.22461 -0.79991 -0.00905
-0.20965 -0.80455 -0.00905
-0.19459 -0.80887 -0.00905
-0.17945 -0.81287 -0.00905
-0.16422 -0.81654 -0.00905
-0.14891 -0.81989 -0.00905
-0.13354 -0.82291 -0.00905
-0.11811 -0.82560 -0.00905
-0.10262 -0.82795 -0.00905
-0.08709 -0.82998 -0.00905
-0.07152 -0.83168 -0.00905
-0.05591 -0.83304 -0.00905
-0.04028 -0.83406 -0.00905
-0.02463 -0.83475 -0.00905
-0.00897 -0.83511 -0.00905
0.00670 -0.83513 -0.00905
0.02236 -0.83482 -0.00905
0.03801 -0.83417 -0.00905
0.05365 -0.83319 -0.00905
0.06926 -0.83187 -0.00905
0.08483 -0.83022 -0.00905
0.10037 -0.82824 -0.00905
0.11587 -0.82593 -0.00905
0.13131 -0.82328 -0.00905
0.14669 -0.82030 -0.00905
0.16200 -0.81700 -0.00905
0.17724 -0.81337 -0.00905
0.19240 -0.80941 -0.00905
0.20747 -0.80513 -0.00905
0.22244 -0.80053 -0.00905
0.23731 -0.79561 -0.00905
0.25208 -0.79038 -0.00905
0.26673 -0.78483 -0.00905
0.28125 -0.77896 -0.00905
0.29565 -0.77279 -0.00905
0.30991 -0.76631 -0.00905
0.32403 -0.75953 -0.00905
0.33801 -0.75245 -0.00905
0.35182 -0.74506 -0.00905
0.36548 -0.73739 -0.00905
0.37897 -0.72943 -0.00905
0.39229 -0.72117 -0.00905
0.40542 -0.71264 -0.00905
0.41837 -0.70383 -0.00905
0.43113 -0.69474 -0.00905
0.44370 -0.68538 -0.00905
0.45606 -0.67575 -0.00905
0.46821 -0.66587 -0.00905
0.48014 -0.65572 -0.00905
0.49186 -0.64532 -0.00905
0.50335 -0.63468 -0.00905
0.51461 -0.62379 -0.00905
0.52564 -0.61266 -0.00905
0.53642 -0.60130 -0.00905
0.54696 -0.58971 -0.00905
0.55725 -0.57789 -0.00905
0.56728 -0.56586 -0.00905
0.57706 -0.55362 -0.00905
0.58657 -0.54117 -0.00905
0.59581 -0.52853 -0.00905
0.60478 -0.51568 -0.00905
0.61347 -0.50265 -0.00905
0.62188 -0.48943 -0.00905
0.63001 -0.47604 -0.00905
0.63785 -0.46248 -0.00905
0.64540 -0.44875 -0.00905
0.65265 -0.43487 -0.00905
0.65960 -0.42083 -0.00905
0.66625 -0.40665 -0.00905
0.67260 -0.39232 -0.00905
0.67864 -0.37787 -0.00905
0.68437 -0.36329 -0.00905
0.68978 -0.34859 -0.00905
0.69488 -0.33378 -0.00905
0.69966 -0.31886 -0.00905
0.70412 -0.30384 -0.00905
0.70826 -0.28873 -0.00905
0.71208 -0.27354 -0.00905
0.71557 -0.25827 -0.00905
0.71873 -0.24292 -0.00905
0.72156 -0.22752 -0.00905
0.72406 -0.21205 -0.00905
0.72623 -0.19654 -0.00905
0.72807 -0.18098 -0.00905
0.72958 -0.16539 -0.00905
0.73075 -0.14977 -0.00905
0.73159 -0.13413 -0.00905
0.73209 -0.11847 -0.00905
0.73226 -0.10280 -0.00905
162 -0.80570 -0.10280 -0.00905
-0.80555 -0.11852 -0.00905
-0.80509 -0.13423 -0.00905
-0.80432 -0.14994 -0.00905
-0.80325 -0.16562 -0.00905
-0.80187 -0.18128 -0.00905
-0.80019 -0.19691 -0.00905
-0.79820 -0.21250 -0.00905
-0.79591 -0.22805 -0.00905
-0.79331 -0.24355 -0.00905
-0.79042 -0.25900 -0.00905
-0.78722 -0.27439 -0.00905
-0.78372 -0.28972 -0.00905
-0.77992 -0.30497 -0.00905
-0.77583 -0.32015 -0.00905
-0.77144 -0.33525 -0.00905
-0.76676 -0.35025 -0.00905
-0.76178 -0.36516 -0.00905
-0.75652 -0.37998 -0.00905
-0.75097 -0.39468 -0.00905
-0.74513 -0.40928 -0.00905
-0.73901 -0.42375 -0.00905
-0.73261 -0.43811 -0.00905
-0.72592 -0.45234 -0.00905
-0.71897 -0.46644 -0.00905
-0.71173 -0.48039 -0.00905
-0.70423 -0.49421 -0.00905
-0.69646 -0.50787 -0.00905
-0.68842 -0.52138 -0.00905
-0.68013 -0.53473 -0.00905
-0.67157 -0.54792 -0.00905
-0.66276 -0.56093 -0.00905
-0.65369 -0.57378 -0.00905
-0.64438 -0.58644 -0.00905
-0.63482 -0.59892 -0.00905
-0.62502 -0.61121 -0.00905
-0.61498 -0.62330 -0.00905
-0.60471 -0.63520 -0.00905
-0.59420 -0.64690 -0.00905
-0.58347 -0.65839 -0.00905
-0.57252 -0.66966 -0.00905
-0.56135 -0.68072 -0.00905
-0.54997 -0.69156 -0.00905
-0.53838 -0.70218 -0.00905
-0.52658 -0.71257 -0.00905
-0.51458 -0.72273 -0.00905
-0.50239 -0.73265 -0.00905
-0.49000 -0.74233 -0.00905
-0.47743 -0.75176 -0.00905
-0.46468 -0.76095 -0.00905
-0.45175 -0.76989 -0.00905
-0.43865 -0.77858 -0.00905
-0.42538 -0.78701 -0.00905
-0.41195 -0.79517 -0.00905
-0.39836 -0.80308 -0.00905
-0.38462 -0.81071 -0.00905
-0.37073 -0.81808 -0.00905
-0.35671 -0.82518 -0.00905
-0.34254 -0.83200 -0.00905
-0.32825 -0.83854 -0.00905
-0.31383 -0.84480 -0.00905
-0.29929 -0.85078 -0.00905
-0.28464 -0.85648 -0.00905
-0.26988 -0.86189 -0.00905
-0.25502 -0.86701 -0.00905
-0.24006 -0.87184 -0.00905
-0.22501 -0.87637 -0.00905
-0.20987 -0.88061 -0.00905
-0.19466 -0.88456 -0.00905
-0.17937 -0.88820 -0.00905
-0.16401 -0.89155 -0.00905
-0.14859 -0.89460 -0.00905
-0.13311 -0.89735 -0.00905
-0.11758 -0.89979 -0.00905
-0.10201 -0.90193 -0.00905
-0.08640 -0.90377 -0.00905
-0.07075 -0.90530 -0.00905
-0.05508 -0.90652 -0.00905
-0.03939 -0.90744 -0.00905
-0.02368 -0.90806 -0.00905
-0.00796 -0.90836 -0.00905
0.00775 -0.90836 -0.00905
0.02347 -0.90806 -0.00905
0.03918 -0.90744 -0.00905
0.05487 -0.90652 -0.00905
0.07054 -0.90530 -0.00905
0.08619 -0.90377 -0.00905
0.10180 -0.90193 -0.00905
0.11737 -0.89979 -0.00905
0.13290 -0.89735 -0.00905
0.14838 -0.89460 -0.00905
0.16380 -0.89155 -0.00905
0.17916 -0.88820 -0.00905
0.19445 -0.88456 -0.00905
0.20966 -0.88061 -0.00905
0.22480 -0.87637 -0.00905
0.23985 -0.87184 -0.00905
0.25481 -0.86701 -0.00905
0.26967 -0.86189 -0.00905
0.28443 -0.85648 -0.00905
0.29908 -0.85078 -0.00905
0.31362 -0.84480 -0.00905
0.32804 -0.83854 -0.00905
0.34233 -0.83200 -0.00905
0.35650 -0.82518 -0.00905
0.37052 -0.81808 -0.00905
0.38441 -0.81071 -0.00905
0.39815 -0.80308 -0.00905
0.41174 -0.79517 -0.00905
0.42517 -0.78701 -0.00905
0.43844 -0.77858 -0.00905
0.45154 -0.76989 -0.00905
0.46447 -0.76095 -0.00905
0.47722 -0.75176 -0.00905
0.48979 -0.74233 -0.00905
0.50218 -0.73265 -0.00905
0.51437 -0.72273 -0.00905
0.52637 -0.71257 -0.00905
0.53817 -0.70218 -0.00905
0.54976 -0.69156 -0.00905
0.56114 -0.68072 -0.00905
0.57231 -0.66966 -0.00905
0.58326 -0.65839 -0.00905
0.59399 -0.64690 -0.00905
0.60449 -0.63520 -0.00905
0.61477 -0.62330 -0.00905
0.62481 -0.61121 -0.00905
0.63461 -0.59892 -0.00905
0.64417 -0.58644 -0.00905
0.65348 -0.57378 -0.00905
0.66255 -0.56093 -0.00905
0.67136 -0.54792 -0.00905
0.67992 -0.53473 -0.00905
0.68821 -0.52138 -0.00905
0.69625 -0.50787 -0.00905
0.70402 -0.49421 -0.00905
0.71152 -0.48039 -0.00905
0.71876 -0.46644 -0.00905
0.72571 -0.45234 -0.00905
0.73240 -0.43811 -0.00905
0.73880 -0.42375 -0.00905
0.74492 -0.40928 -0.00905
0.75076 -0.39468 -0.00905
0.75631 -0.37998 -0.00905
0.76157 -0.36516 -0.00905
0.76655 -0.35025 -0.00905
0.77123 -0.33525 -0.00905
0.77562 -0.32015 -0.00905
0.77971 -0.30497 -0.00905
0.78351 -0.28972 -0.00905
0.78701 -0.27439 -0.00905
0.79021 -0.25900 -0.00905
0.79310 -0.24355 -0.00905
0.79570 -0.22805 -0.00905
0.79799 -0.21250 -0.00905
0.79998 -0.19691 -0.00905
0.80166 -0.18128 -0.00905
0.80304 -0.16562 -0.00905
0.80411 -0.14994 -0.00905
0.80488 -0.13423 -0.00905
0.80534 -0.11852 -0.00905
0.80549 -0.10280 -0.00905
162 -0.80570 -0.10280 -0.37523
-0.80555 -0.11852 -0.37523
-0.80509 -0.13423 -0.37523
-0.80432 -0.14994 -0.37523
-0.80325 -0.16562 -0.37523
-0.80187 -0.18128 -0.37523
-0.80019 -0.19691 -0.37523
-0.79820 -0.21250 -0.37523
-0.79591 -0.22805 -0.37523
-0.79331 -0.24355 -0.37523
-0.79042 -0.25900 -0.37523
-0.78722 -0.27439 -0.37523
-0.78372 -0.28972 -0.37523
-0.77992 -0.30497 -0.37523
-0.77583 -0.32015 -0.37523
-0.77144 -0.33525 -0.37523
-0.76676 -0.35025 -0.37523
-0.76178 -0.36516 -0.37523
-0.75652 -0.37998 -0.37523
-0.75097 -0.39468 -0.37523
-0.74513 -0.40928 -0.37523
-0.73901 -0.42375 -0.37523
-0.73261 -0.43811 -0.37523
-0.72592 -0.45234 -0.37523
-0.71897 -0.46644 -0.37523
-0.71173 -0.48039 -0.37523
-0.70423 -0.49421 -0.37523
-0.69646 -0.50787 -0.37523
-0.68842 -0.52138 -0.37523
-0.68013 -0.53473 -0.37523
-0.67157 -0.54792 -0.37523
-0.66276 -0.56093 -0.37523
-0.65369 -0.57378 -0.37523
-0.64438 -0.58644 -0.37523
-0.63482 -0.59892 -0.37523
-0.62502 -0.61121 -0.37523
-0.61498 -0.62330 -0.37523
-0.60471 -0.63520 -0.37523
-0.59420 -0.64690 -0.37523
-0.58347 -0.65839 -0.37523
-0.57252 -0.66966 -0.37523
-0.56135 -0.68072 -0.37523
-0.54997 -0.69156 -0.37523
-0.53838 -0.70218 -0.37523
-0.52658 -0.71257 -0.37523
-0.51458 -0.72273 -0.37523
-0.50239 -0.73265 -0.37523
-0.49000 -0.74233 -0.37523
-0.47743 -0.75176 -0.37523
-0.46468 -0.76095 -0.37523
-0.45175 -0.76989 -0.37523
-0.43865 -0.77858 -0.37523
-0.42538 -0.78701 -0.37523
-0.41195 -0.79517 -0.37523
-0.39836 -0.80308 -0.37523
-0.38462 -0.81071 -0.37523
-0.37073 -0.81808 -0.37523
-0.35671 -0.82518 -0.37523
-0.34254 -0.83200 -0.37523
-0.32825 -0.83854 -0.37523
-0.31383 -0.84480 -0.37523
-0.29929 -0.85078 -0.37523
-0.28464 -0.85648 -0.37523
-0.26988 -0.86189 -0.37523
-0.25502 -0.86701 -0.37523
-0.24006 -0.87184 -0.37523
-0.22501 -0.87637 -0.37523
-0.20987 -0.88061 -0.37523
-0.19466 -0.88456 -0.37523
-0.17937 -0.88820 -0.37523
-0.16401 -0.89155 -0.37523
-0.14859 -0.89460 -0.37523
-0.13311 -0.89735 -0.37523
-0.11758 -0.89979 -0.37523
-0.10201 -0.90193 -0.37523
-0.08640 -0.90377 -0.37523
-0.07075 -0.90530 -0.37523
-0.05508 -0.90652 -0.37523
-0.03939 -0.90744 -0.37523
-0.02368 -0.90806 -0.37523
-0.00796 -0.90836 -0.37523
0.00775 -0.90836 -0.37523
0.02347 -0.90806 -0.37523
0.03918 -0.90744 -0.37523
0.05487 -0.90652 -0.37523
0.07054 -0.90530 -0.37523
0.08619 -0.90377 -0.37523
0.10180 -0.90193 -0.37523
0.11737 -0.89979 -0.37523
0.13290 -0.89735 -0.37523
0.14838 -0.89460 -0.37523
0.16380 -0.89155 -0.37523
0.17916 -0.88820 -0.37523
0.19445 -0.88456 -0.37523
0.20966 -0.88061 -0.37523
0.22480 -0.87637 -0.37523
0.23985 -0.87184 -0.37523
0.25481 -0.86701 -0.37523
0.26967 -0.86189 -0.37523
0.28443 -0.85648 -0.37523
0.29908 -0.85078 -0.37523
0.31362 -0.84480 -0.37523
0.32804 -0.83854 -0.37523
0.34233 -0.83200 -0.37523
0.35650 -0.82518 -0.37523
0.37052 -0.81808 -0.37523
0.38441 -0.81071 -0.37523
0.39815 -0.80308 -0.37523
0.41174 -0.79517 -0.37523
0.42517 -0.78701 -0.37523
0.43844 -0.77858 -0.37523
0.45154 -0.76989 -0.37523
0.46447 -0.76095 -0.37523
0.47722 -0.75176 -0.37523
0.48979 -0.74233 -0.37523
0.50218 -0.73265 -0.37523
0.51437 -0.72273 -0.37523
0.52637 -0.71257 -0.37523
0.53817 -0.70218 -0.37523
0.54976 -0.69156 -0.37523
0.56114 -0.68072 -0.37523
0.57231 -0.66966 -0.37523
0.58326 -0.65839 -0.37523
0.59399 -0.64690 -0.37523
0.60449 -0.63520 -0.37523
0.61477 -0.62330 -0.37523
0.62481 -0.61121 -0.37523
0.63461 -0.59892 -0.37523
0.64417 -0.58644 -0.37523
0.65348 -0.57378 -0.37523
0.66255 -0.56093 -0.37523
0.67136 -0.54792 -0.37523
0.67992 -0.53473 -0.37523
0.68821 -0.52138 -0.37523
0.69625 -0.50787 -0.37523
0.70402 -0.49421 -0.37523
0.71152 -0.48039 -0.37523
0.71876 -0.46644 -0.37523
0.72571 -0.45234 -0.37523
0.73240 -0.43811 -0.37523
0.73880 -0.42375 -0.37523
0.74492 -0.40928 -0.37523
0.75076 -0.39468 -0.37523
0.75631 -0.37998 -0.37523
0.76157 -0.36516 -0.37523
0.76655 -0.35025 -0.37523
0.77123 -0.33525 -0.37523
0.77562 -0.32015 -0.37523
0.77971 -0.30497 -0.37523
0.78351 -0.28972 -0.37523
0.78701 -0.27439 -0.37523
0.79021 -0.25900 -0.37523
0.79310 -0.24355 -0.37523
0.79570 -0.22805 -0.37523
0.79799 -0.21250 -0.37523
0.79998 -0.19691 -0.37523
0.80166 -0.18128 -0.37523
0.80304 -0.16562 -0.37523
0.80411 -0.14994 -0.37523
0.80488 -0.13423 -0.37523
0.80534 -0.11852 -0.37523
0.80549 -0.10280 -0.37523
47 -0.80570 0.89157 -0.37523
-0.80570 0.89157 -0.35931
-0.80570 0.89157 -0.34339
-0.80570 0.89157 -0.32747
-0.80570 0.89157 -0.31155
-0.80570 0.89157 -0.29563
-0.80570 0.89157 -0.27970
-0.80570 0.89157 -0.26378
-0.80570 0.89157 -0.24786
-0.80570 0.89157 -0.23194
-0.80570 0.89157 -0.21602
-0.80570 0.89157 -0.20010
-0.80570 0.89157 -0.18418
-0.80570 0.89157 -0.16826
-0.80570 0.89157 -0.15234
-0.80570 0.89157 -0.13642
-0.80570 0.89157 -0.12050
-0.80570 0.89157 -0.10457
-0.80570 0.89157 -0.08865
-0.80570 0.89157 -0.07273
-0.80570 0.89157 -0.05681
-0.80570 0.89157 -0.04089
-0.80570 0.89157 -0.02497
-0.80570 0.89157 -0.00905
-0.80570 0.89157 0.00687
-0.80570 0.89157 0.02279
-0.80570 0.89157 0.03871
-0.80570 0.89157 0.05463
-0.80570 0.89157 0.07056
-0.80570 0.89157 0.08648
-0.80570 0.89157 0.10240
-0.80570 0.89157 0.11832
-0.80570 0.89157 0.13424
-0.80570 0.89157 0.15016
-0.80570 0.89157 0.16608
-0.80570 0.89157 0.18200
-0.80570 0.89157 0.19792
-0.80570 0.89157 0.21384
-0.80570 0.89157 0.22976
-0.80570 0.89157 0.24569
-0.80570 0.89157 0.26161
-0.80570 0.89157 0.27753
-0.80570 0.89157 0.29345
-0.80570 0.89157 0.30937
-0.80570 0.89157 0.32529
-0.80570 0.89157 0.34121
-0.80570 0.89157 0.35713
104 -0.80570 0.89157 0.35713
-0.79006 0.89157 0.35713
-0.77442 0.89157 0.35713
-0.75878 0.89157 0.35713
-0.74313 0.89157 0.35713
-0.72749 0.89157 0.35713
-0.71185 0.89157 0.35713
-0.69620 0.89157 0.35713
-0.68056 0.89157 0.35713
-0.66492 0.89157 0.35713
-0.64928 0.89157 0.35713
-0.63363 0.89157 0.35713
-0.61799 0.89157 0.35713
-0.60235 0.89157 0.35713
-0.58671 0.89157 0.35713
-0.57106 0.89157 0.35713
-0.55542 0.89157 0.35713
-0.53978 0.89157 0.35713
-0.52414 0.89157 0.35713
-0.50849 0.89157 0.35713
-0.49285 0.89157 0.35713
-0.47721 0.89157 0.35713
-0.46156 0.89157 0.35713
-0.44592 0.89157 0.35713
-0.43028 0.89157 0.35713
-0.41464 0.89157 0.35713
-0.39899 0.89157 0.35713
-0.38335 0.89157 0.35713
-0.36771 0.89157 0.35713
-0.35207 0.89157 0.35713
-0.33642 0.89157 0.35713
-0.32078 0.89157 0.35713
-0.30514 0.89157 0.35713
-0.28949 0.89157 0.35713
-0.27385 0.89157 0.35713
-0.25821 0.89157 0.35713
-0.24257 0.89157 0.35713
-0.22692 0.89157 0.35713
-0.21128 0.89157 0.35713
-0.19564 0.89157 0.35713
-0.18000 0.89157 0.35713
-0.16435 0.89157 0.35713
-0.14871 0.89157 0.35713
-0.13307 0.89157 0.35713
-0.11743 0.89157 0.35713
-0.10178 0.89157 0.35713
-0.08614 0.89157 0.35713
-0.07050 0.89157 0.35713
-0.05485 0.89157 0.35713
-0.03921 0.89157 0.35713
-0.02357 0.89157 0.35713
-0.00793 0.89157 0.35713
0.00772 0.89157 0.35713
0.02336 0.89157 0.35713
0.03900 0.89157 0.35713
0.05464 0.89157 0.35713
0.07029 0.89157 0.35713
0.08593 0.89157 0.35713
0.10157 0.89157 0.35713
0.11722 0.89157 0.35713
0.13286 0.89157 0.35713
0.14850 0.89157 0.35713
0.16414 0.89157 0.35713
0.17979 0.89157 0.35713
0.19543 0.89157 0.35713
0.21107 0.89157 0.35713
0.22671 0.89157 0.35713
0.24236 0.89157 0.35713
0.25800 0.89157 0.35713
0.27364 0.89157 0.35713
0.28928 0.89157 0.35713
0.30493 0.89157 0.35713
0.32057 0.89157 0.35713
0.33621 0.89157 0.35713
0.35186 0.89157 0.35713
0.36750 0.89157 0.35713
0.38314 0.89157 0.35713
0.39878 0.89157 0.35713
0.41443 0.89157 0.35713
0.43007 0.89157 0.35713
0.44571 0.89157 0.35713
0.46135 0.89157 0.35713
0.47700 0.89157 0.35713
0.49264 0.89157 0.35713
0.50828 0.89157 0.35713
0.52392 0.89157 0.35713
0.53957 0.89157 0.35713
0.55521 0.89157 0.35713
0.57085 0.89157 0.35713
0.58650 0.89157 0.35713
0.60214 0.89157 0.35713
0.61778 0.89157 0.35713
0.63342 0.89157 0.35713
0.64907 0.89157 0.35713
0.66471 0.89157 0.35713
0.68035 0.89157 0.35713
0.69599 0.89157 0.35713
0.71164 0.89157 0.35713
0.72728 0.89157 0.35713
0.74292 0.89157 0.35713
0.75857 0.89157 0.35713
0.77421 0.89157 0.35713
0.78985 0.89157 0.35713
0.80549 0.89157 0.35713
47 0.80549 0.89157 -0.37523
0.80549 0.89157 -0.35931
0.80549 0.89157 -0.34339
0.80549 0.89157 -0.32747
0.80549 0.89157 -0.31155
0.80549 0.89157 -0.29563
0.80549 0.89157 -0.27970
0.80549 0.89157 -0.26378
0.80549 0.89157 -0.24786
0.80549 0.89157 -0.23194
0.80549 0.89157 -0.21602
0.80549 0.89157 -0.20010
0.80549 0.89157 -0.18418
0.80549 0.89157 -0.16826
0.80549 0.89157 -0.15234
0.80549 0.89157 -0.13642
0.80549 0.89157 -0.12050
0.80549 0.89157 -0.10457
0.80549 0.89157 -0.08865
0.80549 0.89157 -0.07273
0.80549 0.89157 -0.05681
0.80549 0.89157 -0.04089
0.80549 0.89157 -0.02497
0.80549 0.89157 -0.00905
0.80549 0.89157 0.00687
0.80549 0.89157 0.02279
0.80549 0.89157 0.03871
0.80549 0.89157 0.05463
0.80549 0.89157 0.07056
0.80549 0.89157 0.08648
0.80549 0.89157 0.10240
0.80549 0.89157 0.11832
0.80549 0.89157 0.13424
0.80549 0.89157 0.15016
0.80549 0.89157 0.16608
0.80549 0.89157 0.18200
0.80549 0.89157 0.19792
0.80549 0.89157 0.21384
0.80549 0.89157 0.22976
0.80549 0.89157 0.24569
0.80549 0.89157 0.26161
0.80549 0.89157 0.27753
0.80549 0.89157 0.29345
0.80549 0.89157 0.30937
0.80549 0.89157 0.32529
0.80549 0.89157 0.34121
0.80549 0.89157 0.35713
104 -0.80570 0.89157 -0.37523
-0.79006 0.89157 -0.37523
-0.77442 0.89157 -0.37523
-0.75878 0.89157 -0.37523
-0.74313 0.89157 -0.37523
-0.72749 0.89157 -0.37523
-0.71185 0.89157 -0.37523
-0.69620 0.89157 -0.37523
-0.68056 0.89157 -0.37523
-0.66492 0.89157 -0.37523
-0.64928 0.89157 -0.37523
-0.63363 0.89157 -0.37523
-0.61799 0.89157 -0.37523
-0.60235 0.89157 -0.37523
-0.58671 0.89157 -0.37523
-0.57106 0.89157 -0.37523
-0.55542 0.89157 -0.37523
-0.53978 0.89157 -0.37523
-0.52414 0.89157 -0.37523
-0.50849 0.89157 -0.37523
-0.49285 0.89157 -0.37523
-0.47721 0.89157 -0.37523
-0.46156 0.89157 -0.37523
-0.44592 0.89157 -0.37523
-0.43028 0.89157 -0.37523
-0.41464 0.89157 -0.37523
-0.39899 0.89157 -0.37523
-0.38335 0.89157 -0.37523
-0.36771 0.89157 -0.37523
-0.35207 0.89157 -0.37523
-0.33642 0.89157 -0.37523
-0.32078 0.89157 -0.37523
-0.30514 0.89157 -0.37523
-0.28949 0.89157 -0.37523
-0.27385 0.89157 -0.37523
-0.25821 0.89157 -0.37523
-0.24257 0.89157 -0.37523
-0.22692 0.89157 -0.37523
-0.21128 0.89157 -0.37523
-0.19564 0.89157 -0.37523
-0.18000 0.89157 -0.37523
-0.16435 0.89157 -0.37523
-0.14871 0.89157 -0.37523
-0.13307 0.89157 -0.37523
-0.11743 0.89157 -0.37523
-0.10178 0.89157 -0.37523
-0.08614 0.89157 -0.37523
-0.07050 0.89157 -0.37523
-0.05485 0.89157 -0.37523
-0.03921 0.89157 -0.37523
-0.02357 0.89157 -0.37523
-0.00793 0.89157 -0.37523
0.00772 0.89157 -0.37523
0.02336 0.89157 -0.37523
0.03900 0.89157 -0.37523
0.05464 0.89157 -0.37523
0.07029 0.89157 -0.37523
0.08593 0.89157 -0.37523
0.10157 0.89157 -0.37523
0.11722 0.89157 -0.37523
0.13286 0.89157 -0.37523
0.14850 0.89157 -0.37523
0.16414 0.89157 -0.37523
0.17979 0.89157 -0.37523
0.19543 0.89157 -0.37523
0.21107 0.89157 -0.37523
0.22671 0.89157 -0.37523
0.24236 0.89157 -0.37523
0.25800 0.89157 -0.37523
0.27364 0.89157 -0.37523
0.28928 0.89157 -0.37523
0.30493 0.89157 -0.37523
0.32057 0.89157 -0.37523
0.33621 0.89157 -0.37523
0.35186 0.89157 -0.37523
0.36750 0.89157 -0.37523
0.38314 0.89157 -0.37523
0.39878 0.89157 -0.37523
0.41443 0.89157 -0.37523
0.43007 0.89157 -0.37523
0.44571 0.89157 -0.37523
0.46135 0.89157 -0.37523
0.47700 0.89157 -0.37523
0.49264 0.89157 -0.37523
0.50828 0.89157 -0.37523
0.52392 0.89157 -0.37523
0.53957 0.89157 -0.37523
0.55521 0.89157 -0.37523
0.57085 0.89157 -0.37523
0.58650 0.89157 -0.37523
0.60214 0.89157 -0.37523
0.61778 0.89157 -0.37523
0.63342 0.89157 -0.37523
0.64907 0.89157 -0.37523
0.66471 0.89157 -0.37523
0.68035 0.89157 -0.37523
0.69599 0.89157 -0.37523
0.71164 0.89157 -0.37523
0.72728 0.89157 -0.37523
0.74292 0.89157 -0.37523
0.75857 0.89157 -0.37523
0.77421 0.89157 -0.37523
0.78985 0.89157 -0.37523
0.80549 0.89157 -0.37523
39 0.80549 0.81833 -0.24707
0.80549 0.81833 -0.23117
0.80549 0.81833 -0.21527
0.80549 0.81833 -0.19937
0.80549 0.81833 -0.18347
0.80549 0.81833 -0.16757
0.80549 0.81833 -0.15167
0.80549 0.81833 -0.13577
0.80549 0.81833 -0.11987
0.80549 0.81833 -0.10397
0.80549 0.81833 -0.08807
0.80549 0.81833 -0.07217
0.80549 0.81833 -0.05627
0.80549 0.81833 -0.04037
0.80549 0.81833 -0.02447
0.80549 0.81833 -0.00857
0.80549 0.81833 0.00733
0.80549 0.81833 0.02323
0.80549 0.81833 0.03913
0.80549 0.81833 0.05503
0.80549 0.81833 0.07093
0.80549 0.81833 0.08683
0.80549 0.81833 0.10273
0.80549 0.81833 0.11863
0.80549 0.81833 0.13453
0.80549 0.81833 0.15043
0.80549 0.81833 0.16633
0.80549 0.81833 0.18223
0.80549 0.81833 0.19813
0.80549 0.81833 0.21403
0.80549 0.81833 0.22993
0.80549 0.81833 0.24583
0.80549 0.81833 0.26173
0.80549 0.81833 0.27763
0.80549 0.81833 0.29353
0.80549 0.81833 0.30943
0.80549 0.81833 0.32533
0.80549 0.81833 0.34123
0.80549 0.81833 0.35713
4 0.80549 0.81833 -0.24707
0.80549 0.81343 -0.26538
0.80549 0.80002 -0.27878
0.80549 0.78171 -0.28368
6 0.80549 0.78171 -0.28368
0.80549 0.76341 -0.28368
0.80549 0.74510 -0.28368
0.80549 0.72679 -0.28368
0.80549 0.70848 -0.28368
0.80549 0.69017 -0.28368
8 0.80549 0.69017 -0.28368
0.80549 0.67387 -0.28185
0.80549 0.65839 -0.27643
0.80549 0.64451 -0.26771
0.80549 0.63291 -0.25611
0.80549 0.62419 -0.24222
0.80549 0.61877 -0.22675
0.80549 0.61693 -0.21045
13 0.80549 0.61693 -0.21045
0.80549 0.61693 -0.19367
0.80549 0.61693 -0.17688
0.80549 0.61693 -0.16010
0.80549 0.61693 -0.14332
0.80549 0.61693 -0.12653
0.80549 0.61693 -0.10975
0.80549 0.61693 -0.09297
0.80549 0.61693 -0.07618
0.80549 0.61693 -0.05940
0.80549 0.61693 -0.04262
0.80549 0.61693 -0.02583
0.80549 0.61693 -0.00905
47 0.80549 0.61693 -0.00905
0.80549 0.60129 -0.00905
0.80549 0.58564 -0.00905
0.80549 0.56999 -0.00905
0.80549 0.55435 -0.00905
0.80549 0.53870 -0.00905
0.80549 0.52305 -0.00905
0.80549 0.50741 -0.00905
0.80549 0.49176 -0.00905
0.80549 0.47612 -0.00905
0.80549 0.46047 -0.00905
0.80549 0.44482 -0.00905
0.80549 0.42918 -0.00905
0.80549 0.41353 -0.00905
0.80549 0.39788 -0.00905
0.80549 0.38224 -0.00905
0.80549 0.36659 -0.00905
0.80549 0.35094 -0.00905
0.80549 0.33530 -0.00905
0.80549 0.31965 -0.00905
0.80549 0.30400 -0.00905
0.80549 0.28836 -0.00905
0.80549 0.27271 -0.00905
0.80549 0.25706 -0.00905
0.80549 0.24142 -0.00905
0.80549 0.22577 -0.00905
0.80549 0.21013 -0.00905
0.80549 0.19448 -0.00905
0.80549 0.17883 -0.00905
0.80549 0.16319 -0.00905
0.80549 0.14754 -0.00905
0.80549 0.13189 -0.00905
0.80549 0.11625 -0.00905
0.80549 0.10060 -0.00905
0.80549 0.08495 -0.00905
0.80549 0.06931 -0.00905
0.80549 0.05366 -0.00905
0.80549 0.03801 -0.00905
0.80549 0.02237 -0.00905
0.80549 0.00672 -0.00905
0.80549 -0.00892 -0.00905
0.80549 -0.02457 -0.00905
0.80549 -0.04022 -0.00905
0.80549 -0.05586 -0.00905
0.80549 -0.07151 -0.00905
0.80549 -0.08716 -0.00905
0.80549 -0.10280 -0.00905
64 0.80549 0.89157 -0.37523
0.80549 0.87579 -0.37523
0.80549 0.86000 -0.37523
0.80549 0.84422 -0.37523
0.80549 0.82843 -0.37523
0.80549 0.81265 -0.37523
0.80549 0.79687 -0.37523
0.80549 0.78108 -0.37523
0.80549 0.76530 -0.37523
0.80549 0.74952 -0.37523
0.80549 0.73373 -0.37523
0.80549 0.71795 -0.37523
0.80549 0.70216 -0.37523
0.80549 0.68638 -0.37523
0.80549 0.67060 -0.37523
0.80549 0.65481 -0.37523
0.80549 0.63903 -0.37523
0.80549 0.62325 -0.37523
0.80549 0.60746 -0.37523
0.80549 0.59168 -0.37523
0.80549 0.57590 -0.37523
0.80549 0.56011 -0.37523
0.80549 0.54433 -0.37523
0.80549 0.52854 -0.37523
0.80549 0.51276 -0.37523
0.80549 0.49698 -0.37523
0.80549 0.48119 -0.37523
0.80549 0.46541 -0.37523
0.80549 0.44963 -0.37523
0.80549 0.43384 -0.37523
0.80549 0.41806 -0.37523
0.80549 0.40227 -0.37523
0.80549 0.38649 -0.37523
0.80549 0.37071 -0.37523
0.80549 0.35492 -0.37523
0.80549 0.33914 -0.37523
0.80549 0.32336 -0.37523
0.80549 0.30757 -0.37523
0.80549 0.29179 -0.37523
0.80549 0.27601 -0.37523
0.80549 0.26022 -0.37523
0.80549 0.24444 -0.37523
0.80549 0.22865 -0.37523
0.80549 0.21287 -0.37523
0.80549 0.19709 -0.37523
0.80549 0.18130 -0.37523
0.80549 0.16552 -0.37523
0.80549 0.14974 -0.37523
0.80549 0.13395 -0.37523
0.80549 0.11817 -0.37523
0.80549 0.10238 -0.37523
0.80549 0.08660 -0.37523
0.80549 0.07082 -0.37523
0.80549 0.05503 -0.37523
0.80549 0.03925 -0.37523
0.80549 0.02347 -0.37523
0.80549 0.00768 -0.37523
0.80549 -0.00810 -0.37523
0.80549 -0.02389 -0.37523
0.80549 -0.03967 -0.37523
0.80549 -0.05545 -0.37523
0.80549 -0.07124 -0.37523
0.80549 -0.08702 -0.37523
0.80549 -0.10280 -0.37523
5 0.80549 0.89157 0.35713
0.80549 0.87326 0.35713
0.80549 0.85495 0.35713
0.80549 0.83664 0.35713
0.80549 0.81833 0.35713
6 -0.80570 0.78171 -0.28368
-0.80570 0.76341 -0.28368
-0.80570 0.74510 -0.28368
-0.80570 0.72679 -0.28368
-0.80570 0.70848 -0.28368
-0.80570 0.69017 -0.28368
4 -0.80570 0.81833 -0.24707
-0.80570 0.81343 -0.26538
-0.80570 0.80002 -0.27878
-0.80570 0.78171 -0.28368
39 -0.80570 0.81833 -0.24707
-0.80570 0.81833 -0.23117
-0.80570 0.81833 -0.21527
-0.80570 0.81833 -0.19937
-0.80570 0.81833 -0.18347
-0.80570 0.81833 -0.16757
-0.80570 0.81833 -0.15167
-0.80570 0.81833 -0.13577
-0.80570 0.81833 -0.11987
-0.80570 0.81833 -0.10397
-0.80570 0.81833 -0.08807
-0.80570 0.81833 -0.07217
-0.80570 0.81833 -0.05627
-0.80570 0.81833 -0.04037
-0.80570 0.81833 -0.02447
-0.80570 0.81833 -0.00857
-0.80570 0.81833 0.00733
-0.80570 0.81833 0.02323
-0.80570 0.81833 0.03913
-0.80570 0.81833 0.05503
-0.80570 0.81833 0.07093
-0.80570 0.81833 0.08683
-0.80570 0.81833 0.10273
-0.80570 0.81833 0.11863
-0.80570 0.81833 0.13453
-0.80570 0.81833 0.15043
-0.80570 0.81833 0.16633
-0.80570 0.81833 0.18223
-0.80570 0.81833 0.19813
-0.80570 0.81833 0.21403
-0.80570 0.81833 0.22993
-0.80570 0.81833 0.24583
-0.80570 0.81833 0.26173
-0.80570 0.81833 0.27763
-0.80570 0.81833 0.29353
-0.80570 0.81833 0.30943
-0.80570 0.81833 0.32533
-0.80570 0.81833 0.34123
-0.80570 0.81833 0.35713
5 -0.80570 0.89157 0.35713
-0.80570 0.87326 0.35713
-0.80570 0.85495 0.35713
-0.80570 0.83664 0.35713
-0.80570 0.81833 0.35713
64 -0.80570 0.89157 -0.37523
-0.80570 0.87579 -0.37523
-0.80570 0.86000 -0.37523
-0.80570 0.84422 -0.37523
-0.80570 0.82843 -0.37523
-0.80570 0.81265 -0.37523
-0.80570 0.79687 -0.37523
-0.80570 0.78108 -0.37523
-0.80570 0.76530 -0.37523
-0.80570 0.74952 -0.37523
-0.80570 0.73373 -0.37523
-0.80570 0.71795 -0.37523
-0.80570 0.70216 -0.37523
-0.80570 0.68638 -0.37523
-0.80570 0.67060 -0.37523
-0.80570 0.65481 -0.37523
-0.80570 0.63903 -0.37523
-0.80570 0.62325 -0.37523
-0.80570 0.60746 -0.37523
-0.80570 0.59168 -0.37523
-0.80570 0.57590 -0.37523
-0.80570 0.56011 -0.37523
-0.80570 0.54433 -0.37523
-0.80570 0.52854 -0.37523
-0.80570 0.51276 -0.37523
-0.80570 0.49698 -0.37523
-0.80570 0.48119 -0.37523
-0.80570 0.46541 -0.37523
-0.80570 0.44963 -0.37523
-0.80570 0.43384 -0.37523
-0.80570 0.41806 -0.37523
-0.80570 0.40227 -0.37523
-0.80570 0.38649 -0.37523
-0.80570 0.37071 -0.37523
-0.80570 0.35492 -0.37523
-0.80570 0.33914 -0.37523
-0.80570 0.32336 -0.37523
-0.80570 0.30757 -0.37523
-0.80570 0.29179 -0.37523
-0.80570 0.27601 -0.37523
-0.80570 0.26022 -0.37523
-0.80570 0.24444 -0.37523
-0.80570 0.22865 -0.37523
-0.80570 0.21287 -0.37523
-0.80570 0.19709 -0.37523
-0.80570 0.18130 -0.37523
-0.80570 0.16552 -0.37523
-0.80570 0.14974 -0.37523
-0.80570 0.13395 -0.37523
-0.80570 0.11817 -0.37523
-0.80570 0.10238 -0.37523
-0.80570 0.08660 -0.37523
-0.80570 0.07082 -0.37523
-0.80570 0.05503 -0.37523
-0.80570 0.03925 -0.37523
-0.80570 0.02347 -0.37523
-0.80570 0.00768 -0.37523
-0.80570 -0.00810 -0.37523
-0.80570 -0.02389 -0.37523
-0.80570 -0.03967 -0.37523
-0.80570 -0.05545 -0.37523
-0.80570 -0.07124 -0.37523
-0.80570 -0.08702 -0.37523
-0.80570 -0.10280 -0.37523
47 -0.80570 0.61693 -0.00905
-0.80570 0.60129 -0.00905
-0.80570 0.58564 -0.00905
-0.80570 0.56999 -0.00905
-0.80570 0.55435 -0.00905
-0.80570 0.53870 -0.00905
-0.80570 0.52305 -0.00905
-0.80570 0.50741 -0.00905
-0.80570 0.49176 -0.00905
-0.80570 0.47612 -0.00905
-0.80570 0.46047 -0.00905
-0.80570 0.44482 -0.00905
-0.80570 0.42918 -0.00905
-0.80570 0.41353 -0.00905
-0.80570 0.39788 -0.00905
-0.80570 0.38224 -0.00905
-0.80570 0.36659 -0.00905
-0.80570 0.35094 -0.00905
-0.80570 0.33530 -0.00905
-0.80570 0.31965 -0.00905
-0.80570 0.30400 -0.00905
-0.80570 0.28836 -0.00905
-0.80570 0.27271 -0.00905
-0.80570 0.25706 -0.00905
-0.80570 0.24142 -0.00905
-0.80570 0.22577 -0.00905
-0.80570 0.21013 -0.00905
-0.80570 0.19448 -0.00905
-0.80570 0.17883 -0.00905
-0.80570 0.16319 -0.00905
-0.80570 0.14754 -0.00905
-0.80570 0.13189 -0.00905
-0.80570 0.11625 -0.00905
-0.80570 0.10060 -0.00905
-0.80570 0.08495 -0.00905
-0.80570 0.06931 -0.00905
-0.80570 0.05366 -0.00905
-0.80570 0.03801 -0.00905
-0.80570 0.02237 -0.00905
-0.80570 0.00672 -0.00905
-0.80570 -0.00892 -0.00905
-0.80570 -0.02457 -0.00905
-0.80570 -0.04022 -0.00905
-0.80570 -0.05586 -0.00905
-0.80570 -0.07151 -0.00905
-0.80570 -0.08716 -0.00905
-0.80570 -0.10280 -0.00905
13 -0.80570 0.61693 -0.21045
-0.80570 0.61693 -0.19367
-0.80570 0.61693 -0.17688
-0.80570 0.61693 -0.16010
-0.80570 0.61693 -0.14332
-0.80570 0.61693 -0.12653
-0.80570 0.61693 -0.10975
-0.80570 0.61693 -0.09297
-0.80570 0.61693 -0.07618
-0.80570 0.61693 -0.05940
-0.80570 0.61693 -0.04262
-0.80570 0.61693 -0.02583
-0.80570 0.61693 -0.00905
8 -0.80570 0.69017 -0.28368
-0.80570 0.67387 -0.28185
-0.80570 0.65839 -0.27643
-0.80570 0.64451 -0.26771
-0.80570 0.63291 -0.25611
-0.80570 0.62419 -0.24222
-0.80570 0.61877 -0.22675
-0.80570 0.61693 -0.21045
7 0.35299 0.61693 -0.00905
0.33726 0.61338 -0.00905
0.32458 0.60342 -0.00905
0.31741 0.58897 -0.00905
0.31715 0.57284 -0.00905
0.32384 0.55817 -0.00905
0.33618 0.54779 -0.00905
7 -0.33639 0.54779 -0.00905
-0.32405 0.55817 -0.00905
-0.31736 0.57284 -0.00905
-0.31762 0.58897 -0.00905
-0.32479 0.60342 -0.00905
-0.33747 0.61338 -0.00905
-0.35320 0.61693 -0.00905
104 -0.80570 0.81833 0.35713
-0.79006 0.81833 0.35713
-0.77442 0.81833 0.35713
-0.75878 0.81833 0.35713
-0.74313 0.81833 0.35713
-0.72749 0.81833 0.35713
-0.71185 0.81833 0.35713
-0.69620 0.81833 0.35713
-0.68056 0.81833 0.35713
-0.66492 0.81833 0.35713
-0.64928 0.81833 0.35713
-0.63363 0.81833 0.35713
-0.61799 0.81833 0.35713
-0.60235 0.81833 0.35713
-0.58671 0.81833 0.35713
-0.57106 0.81833 0.35713
-0.55542 0.81833 0.35713
-0.53978 0.81833 0.35713
-0.52414 0.81833 0.35713
-0.50849 0.81833 0.35713
-0.49285 0.81833 0.35713
-0.47721 0.81833 0.35713
-0.46156 0.81833 0.35713
-0.44592 0.81833 0.35713
-0.43028 0.81833 0.35713
-0.41464 0.81833 0.35713
-0.39899 0.81833 0.35713
-0.38335 0.81833 0.35713
-0.36771 0.81833 0.35713
-0.35207 0.81833 0.35713
-0.33642 0.81833 0.35713
-0.32078 0.81833 0.35713
-0.30514 0.81833 0.35713
-0.28949 0.81833 0.35713
-0.27385 0.81833 0.35713
-0.25821 0.81833 0.35713
-0.24257 0.81833 0.35713
-0.22692 0.81833 0.35713
-0.21128 0.81833 0.35713
-0.19564 0.81833 0.35713
-0.18000 0.81833 0.35713
-0.16435 0.81833 0.35713
-0.14871 0.81833 0.35713
-0.13307 0.81833 0.35713
-0.11743 0.81833 0.35713
-0.10178 0.81833 0.35713
-0.08614 0.81833 0.35713
-0.07050 0.81833 0.35713
-0.05485 0.81833 0.35713
-0.03921 0.81833 0.35713
-0.02357 0.81833 0.35713
-0.00793 0.81833 0.35713
0.00772 0.81833 0.35713
0.02336 0.81833 0.35713
0.03900 0.81833 0.35713
0.05464 0.81833 0.35713
0.07029 0.81833 0.35713
0.08593 0.81833 0.35713
0.10157 0.81833 0.35713
0.11722 0.81833 0.35713
0.13286 0.81833 0.35713
0.14850 0.81833 0.35713
0.16414 0.81833 0.35713
0.17979 0.81833 0.35713
0.19543 0.81833 0.35713
0.21107 0.81833 0.35713
0.22671 0.81833 0.35713
0.24236 0.81833 0.35713
0.25800 0.81833 0.35713
0.27364 0.81833 0.35713
0.28928 0.81833 0.35713
0.30493 0.81833 0.35713
0.32057 0.81833 0.35713
0.33621 0.81833 0.35713
0.35186 0.81833 0.35713
0.36750 0.81833 0.35713
0.38314 0.81833 0.35713
0.39878 0.81833 0.35713
0.41443 0.81833 0.35713
0.43007 0.81833 0.35713
0.44571 0.81833 0.35713
0.46135 0.81833 0.35713
0.47700 0.81833 0.35713
0.49264 0.81833 0.35713
0.50828 0.81833 0.35713
0.52392 0.81833 0.35713
0.53957 0.81833 0.35713
0.55521 0.81833 0.35713
0.57085 0.81833 0.35713
0.58650 0.81833 0.35713
0.60214 0.81833 0.35713
0.61778 0.81833 0.35713
0.63342 0.81833 0.35713
0.64907 0.81833 0.35713
0.66471 0.81833 0.35713
0.68035 0.81833 0.35713
0.69599 0.81833 0.35713
0.71164 0.81833 0.35713
0.72728 0.81833 0.35713
0.74292 0.81833 0.35713
0.75857 0.81833 0.35713
0.77421 0.81833 0.35713
0.78985 0.81833 0.35713
0.80549 0.81833 0.35713
29 -0.80570 0.61693 -0.00905
-0.78954 0.61693 -0.00905
-0.77338 0.61693 -0.00905
-0.75722 0.61693 -0.00905
-0.74106 0.61693 -0.00905
-0.72490 0.61693 -0.00905
-0.70874 0.61693 -0.00905
-0.69258 0.61693 -0.00905
-0.67642 0.61693 -0.00905
-0.66026 0.61693 -0.00905
-0.64410 0.61693 -0.00905
-0.62794 0.61693 -0.00905
-0.61178 0.61693 -0.00905
-0.59561 0.61693 -0.00905
-0.57945 0.61693 -0.00905
-0.56329 0.61693 -0.00905
-0.54713 0.61693 -0.00905
-0.53097 0.61693 -0.00905
-0.51481 0.61693 -0.00905
-0.49865 0.61693 -0.00905
-0.48249 0.61693 -0.00905
-0.46633 0.61693 -0.00905
-0.45017 0.61693 -0.00905
-0.43401 0.61693 -0.00905
-0.41785 0.61693 -0.00905
-0.40169 0.61693 -0.00905
-0.38553 0.61693 -0.00905
-0.36937 0.61693 -0.00905
-0.35320 0.61693 -0.00905
29 0.35299 0.61693 -0.00905
0.36916 0.61693 -0.00905
0.38532 0.61693 -0.00905
0.40148 0.61693 -0.00905
0.41764 0.61693 -0.00905
0.43380 0.61693 -0.00905
0.44996 0.61693 -0.00905
0.46612 0.61693 -0.00905
0.48228 0.61693 -0.00905
0.49844 0.61693 -0.00905
0.51460 0.61693 -0.00905
0.53076 0.61693 -0.00905
0.54692 0.61693 -0.00905
0.56308 0.61693 -0.00905
0.57924 0.61693 -0.00905
0.59540 0.61693 -0.00905
0.61157 0.61693 -0.00905
0.62773 0.61693 -0.00905
0.64389 0.61693 -0.00905
0.66005 0.61693 -0.00905
0.67621 0.61693 -0.00905
0.69237 0.61693 -0.00905
0.70853 0.61693 -0.00905
0.72469 0.61693 -0.00905
0.74085 0.61693 -0.00905
0.75701 0.61693 -0.00905
0.77317 0.61693 -0.00905
0.78933 0.61693 -0.00905
0.80549 0.61693 -0.00905
