31 -0.77392 -0.00634 0.26575
-0.77392 0.00932 0.26559
-0.77392 0.02498 0.26512
-0.77392 0.04063 0.26433
-0.77392 0.05626 0.26323
-0.77392 0.07186 0.26182
-0.77392 0.08744 0.26011
-0.77392 0.10297 0.25810
-0.77392 0.11847 0.25580
-0.77392 0.13392 0.25321
-0.77392 0.14932 0.25034
-0.77392 0.16467 0.24719
-0.77392 0.17996 0.24378
-0.77392 0.19519 0.24011
-0.77392 0.21036 0.23618
-0.77392 0.22546 0.23200
-0.77392 0.24049 0.22759
-0.77392 0.25545 0.22294
-0.77392 0.27035 0.21808
-0.77392 0.28517 0.21300
-0.77392 0.29992 0.20772
-0.77392 0.31460 0.20224
-0.77392 0.32920 0.19657
-0.77392 0.34373 0.19072
-0.77392 0.35820 0.18469
-0.77392 0.37259 0.17849
-0.77392 0.38690 0.17214
-0.77392 0.40115 0.16562
-0.77392 0.41534 0.15896
-0.77392 0.42945 0.15216
-0.77392 0.44349 0.14522
26 -0.77392 0.44349 0.14522
-0.77392 0.44349 0.12926
-0.77392 0.44349 0.11331
-0.77392 0.44349 0.09735
-0.77392 0.44349 0.08140
-0.77392 0.44349 0.06544
-0.77392 0.44349 0.04949
-0.77392 0.44349 0.03353
-0.77392 0.44349 0.01757
-0.77392 0.44349 0.00162
-0.77392 0.44349 -0.01434
-0.77392 0.44349 -0.03029
-0.77392 0.44349 -0.04625
-0.77392 0.44349 -0.06220
-0.77392 0.44349 -0.07816
-0.77392 0.44349 -0.09412
-0.77392 0.44349 -0.11007
-0.77392 0.44349 -0.12603
-0.77392 0.44349 -0.14198
-0.77392 0.44349 -0.15794
-0.77392 0.44349 -0.17389
-0.77392 0.44349 -0.18985
-0.77392 0.44349 -0.20581
-0.77392 0.44349 -0.22176
-0.77392 0.44349 -0.23772
-0.77392 0.44349 -0.25367
58 -0.77392 0.44349 -0.25367
-0.77392 0.42771 -0.25367
-0.77392 0.41193 -0.25367
-0.77392 0.39614 -0.25367
-0.77392 0.38036 -0.25367
-0.77392 0.36458 -0.25367
-0.77392 0.34879 -0.25367
-0.77392 0.33301 -0.25367
-0.77392 0.31722 -0.25367
-0.77392 0.30144 -0.25367
-0.77392 0.28566 -0.25367
-0.77392 0.26987 -0.25367
-0.77392 0.25409 -0.25367
-0.77392 0.23831 -0.25367
-0.77392 0.22252 -0.25367
-0.77392 0.20674 -0.25367
-0.77392 0.19095 -0.25367
-0.77392 0.17517 -0.25367
-0.77392 0.15939 -0.25367
-0.77392 0.14360 -0.25367
-0.77392 0.12782 -0.25367
-0.77392 0.11204 -0.25367
-0.77392 0.09625 -0.25367
-0.77392 0.08047 -0.25367
-0.77392 0.06468 -0.25367
-0.77392 0.04890 -0.25367
-0.77392 0.03312 -0.25367
-0.77392 0.01733 -0.25367
-0.77392 0.00155 -0.25367
-0.77392 -0.01423 -0.25367
-0.77392 -0.03002 -0.25367
-0.77392 -0.04580 -0.25367
-0.77392 -0.06159 -0.25367
-0.77392 -0.07737 -0.25367
-0.77392 -0.09315 -0.25367
-0.77392 -0.10894 -0.25367
-0.77392 -0.12472 -0.25367
-0.77392 -0.14050 -0.25367
-0.77392 -0.15629 -0.25367
-0.77392 -0.17207 -0.25367
-0.77392 -0.18786 -0.25367
-0.77392 -0.20364 -0.25367
-0.77392 -0.21942 -0.25367
-0.77392 -0.23521 -0.25367
-0.77392 -0.25099 -0.25367
-0.77392 -0.26677 -0.25367
-0.77392 -0.28256 -0.25367
-0.77392 -0.29834 -0.25367
-0.77392 -0.31413 -0.25367
-0.77392 -0.32991 -0.25367
-0.77392 -0.34569 -0.25367
-0.77392 -0.36148 -0.25367
-0.77392 -0.37726 -0.25367
-0.77392 -0.39304 -0.25367
-0.77392 -0.40883 -0.25367
-0.77392 -0.42461 -0.25367
-0.77392 -0.44040 -0.25367
-0.77392 -0.45618 -0.25367
26 -0.77392 -0.45618 0.14522
-0.77392 -0.45618 0.12926
-0.77392 -0.45618 0.11331
-0.77392 -0.45618 0.09735
-0.77392 -0.45618 0.08140
-0.77392 -0.45618 0.06544
-0.77392 -0.45618 0.04949
-0.77392 -0.45618 0.03353
-0.77392 -0.45618 0.01757
-0.77392 -0.45618 0.00162
-0.77392 -0.45618 -0.01434
-0.77392 -0.45618 -0.03029
-0.77392 -0.45618 -0.04625
-0.77392 -0.45618 -0.06220
-0.77392 -0.45618 -0.07816
-0.77392 -0.45618 -0.09412
-0.77392 -0.45618 -0.11007
-0.77392 -0.45618 -0.12603
-0.77392 -0.45618 -0.14198
-0.77392 -0.45618 -0.15794
-0.77392 -0.45618 -0.17389
-0.77392 -0.45618 -0.18985
-0.77392 -0.45618 -0.20581
-0.77392 -0.45618 -0.22176
-0.77392 -0.45618 -0.23772
-0.77392 -0.45618 -0.25367
31 -0.77392 -0.45618 0.14522
-0.77392 -0.44213 0.15216
-0.77392 -0.42802 0.15896
-0.77392 -0.41384 0.16562
-0.77392 -0.39959 0.17213
-0.77392 -0.38527 0.17849
-0.77392 -0.37088 0.18468
-0.77392 -0.35641 0.19071
-0.77392 -0.34188 0.19656
-0.77392 -0.32728 0.20223
-0.77392 -0.31260 0.20771
-0.77392 -0.29785 0.21300
-0.77392 -0.28303 0.21808
-0.77392 -0.26814 0.22294
-0.77392 -0.25317 0.22759
-0.77392 -0.23814 0.23200
-0.77392 -0.22304 0.23618
-0.77392 -0.20788 0.24011
-0.77392 -0.19265 0.24379
-0.77392 -0.17736 0.24721
-0.77392 -0.16201 0.25035
-0.77392 -0.14661 0.25323
-0.77392 -0.13116 0.25582
-0.77392 -0.11566 0.25812
-0.77392 -0.10012 0.26012
-0.77392 -0.08455 0.26183
-0.77392 -0.06894 0.26323
-0.77392 -0.05332 0.26433
-0.77392 -0.03767 0.26512
-0.77392 -0.02201 0.26559
-0.77392 -0.00634 0.26575
26 0.00522 -0.90602 0.14522
0.00522 -0.90602 0.12926
0.00522 -0.90602 0.11331
0.00522 -0.90602 0.09735
0.00522 -0.90602 0.08140
0.00522 -0.90602 0.06544
0.00522 -0.90602 0.04949
0.00522 -0.90602 0.03353
0.00522 -0.90602 0.01757
0.00522 -0.90602 0.00162
0.00522 -0.90602 -0.01434
0.00522 -0.90602 -0.03029
0.00522 -0.90602 -0.04625
0.00522 -0.90602 -0.06220
0.00522 -0.90602 -0.07816
0.00522 -0.90602 -0.09412
0.00522 -0.90602 -0.11007
0.00522 -0.90602 -0.12603
0.00522 -0.90602 -0.14198
0.00522 -0.90602 -0.15794
0.00522 -0.90602 -0.17389
0.00522 -0.90602 -0.18985
0.00522 -0.90602 -0.20581
0.00522 -0.90602 -0.22176
0.00522 -0.90602 -0.23772
0.00522 -0.90602 -0.25367
31 0.00522 -0.90602 0.14522
-0.00695 -0.89899 0.15216
-0.01917 -0.89194 0.15897
-0.03145 -0.88485 0.16563
-0.04378 -0.87772 0.17215
-0.05618 -0.87056 0.17851
-0.06865 -0.86337 0.18471
-0.08117 -0.85614 0.19074
-0.09375 -0.84887 0.19659
-0.10640 -0.84157 0.20226
-0.11912 -0.83423 0.20774
-0.13189 -0.82686 0.21302
-0.14473 -0.81944 0.21809
-0.15763 -0.81200 0.22295
-0.17059 -0.80451 0.22759
-0.18360 -0.79700 0.23200
-0.19668 -0.78945 0.23618
-0.20982 -0.78186 0.24011
-0.22300 -0.77425 0.24379
-0.23625 -0.76661 0.24721
-0.24954 -0.75893 0.25036
-0.26288 -0.75123 0.25323
-0.27626 -0.74351 0.25582
-0.28968 -0.73576 0.25812
-0.30313 -0.72799 0.26012
-0.31662 -0.72020 0.26182
-0.33014 -0.71240 0.26322
-0.34367 -0.70458 0.26432
-0.35722 -0.69676 0.26511
-0.37078 -0.68893 0.26559
-0.38435 -0.68110 0.26575
31 -0.38435 -0.68110 0.26575
-0.39792 -0.67326 0.26559
-0.41148 -0.66543 0.26512
-0.42503 -0.65761 0.26433
-0.43857 -0.64980 0.26322
-0.45208 -0.64199 0.26181
-0.46557 -0.63421 0.26010
-0.47902 -0.62644 0.25809
-0.49244 -0.61869 0.25579
-0.50582 -0.61096 0.25320
-0.51916 -0.60326 0.25033
-0.53245 -0.59559 0.24719
-0.54570 -0.58794 0.24378
-0.55889 -0.58033 0.24010
-0.57202 -0.57275 0.23618
-0.58510 -0.56520 0.23200
-0.59812 -0.55768 0.22759
-0.61108 -0.55020 0.22295
-0.62398 -0.54275 0.21809
-0.63681 -0.53534 0.21302
-0.64959 -0.52796 0.20774
-0.66230 -0.52062 0.20227
-0.67495 -0.51332 0.19660
-0.68754 -0.50605 0.19075
-0.70006 -0.49882 0.18472
-0.71252 -0.49163 0.17852
-0.72492 -0.48447 0.17215
-0.73726 -0.47735 0.16564
-0.74954 -0.47026 0.15897
-0.76176 -0.46320 0.15216
-0.77392 -0.45618 0.14522
58 0.00522 -0.90602 -0.25367
-0.00845 -0.89812 -0.25367
-0.02212 -0.89023 -0.25367
-0.03579 -0.88234 -0.25367
-0.04946 -0.87445 -0.25367
-0.06313 -0.86656 -0.25367
-0.07680 -0.85866 -0.25367
-0.09047 -0.85077 -0.25367
-0.10413 -0.84288 -0.25367
-0.11780 -0.83499 -0.25367
-0.13147 -0.82710 -0.25367
-0.14514 -0.81920 -0.25367
-0.15881 -0.81131 -0.25367
-0.17248 -0.80342 -0.25367
-0.18615 -0.79553 -0.25367
-0.19982 -0.78764 -0.25367
-0.21349 -0.77975 -0.25367
-0.22716 -0.77185 -0.25367
-0.24083 -0.76396 -0.25367
-0.25449 -0.75607 -0.25367
-0.26816 -0.74818 -0.25367
-0.28183 -0.74029 -0.25367
-0.29550 -0.73239 -0.25367
-0.30917 -0.72450 -0.25367
-0.32284 -0.71661 -0.25367
-0.33651 -0.70872 -0.25367
-0.35018 -0.70083 -0.25367
-0.36385 -0.69293 -0.25367
-0.37752 -0.68504 -0.25367
-0.39119 -0.67715 -0.25367
-0.40485 -0.66926 -0.25367
-0.41852 -0.66137 -0.25367
-0.43219 -0.65348 -0.25367
-0.44586 -0.64558 -0.25367
-0.45953 -0.63769 -0.25367
-0.47320 -0.62980 -0.25367
-0.48687 -0.62191 -0.25367
-0.50054 -0.61402 -0.25367
-0.51421 -0.60612 -0.25367
-0.52788 -0.59823 -0.25367
-0.54155 -0.59034 -0.25367
-0.55522 -0.58245 -0.25367
-0.56888 -0.57456 -0.25367
-0.58255 -0.56666 -0.25367
-0.59622 -0.55877 -0.25367
-0.60989 -0.55088 -0.25367
-0.62356 -0.54299 -0.25367
-0.63723 -0.53510 -0.25367
-0.65090 -0.52721 -0.25367
-0.66457 -0.51931 -0.25367
-0.67824 -0.51142 -0.25367
-0.69191 -0.50353 -0.25367
-0.70558 -0.49564 -0.25367
-0.71924 -0.48775 -0.25367
-0.73291 -0.47985 -0.25367
-0.74658 -0.47196 -0.25367
-0.76025 -0.46407 -0.25367
-0.77392 -0.45618 -0.25367
31 0.00522 -0.90602 0.14522
0.01738 -0.89899 0.15216
0.02960 -0.89194 0.15897
0.04188 -0.88485 0.16563
0.05422 -0.87772 0.17215
0.06662 -0.87056 0.17851
0.07908 -0.86337 0.18471
0.09161 -0.85614 0.19074
0.10419 -0.84887 0.19659
0.11684 -0.84157 0.20226
0.12955 -0.83423 0.20774
0.14233 -0.82686 0.21302
0.15516 -0.81944 0.21809
0.16806 -0.81200 0.22295
0.18102 -0.80451 0.22759
0.19404 -0.79700 0.23200
0.20712 -0.78945 0.23618
0.22025 -0.78186 0.24011
0.23344 -0.77425 0.24379
0.24668 -0.76661 0.24721
0.25997 -0.75893 0.25036
0.27331 -0.75123 0.25323
0.28669 -0.74351 0.25582
0.30011 -0.73576 0.25812
0.31357 -0.72799 0.26012
0.32706 -0.72020 0.26182
0.34057 -0.71240 0.26322
0.35411 -0.70458 0.26432
0.36766 -0.69676 0.26511
0.38122 -0.68893 0.26559
0.39479 -0.68110 0.26575
58 0.00522 -0.90602 -0.25367
0.01889 -0.89812 -0.25367
0.03256 -0.89023 -0.25367
0.04623 -0.88234 -0.25367
0.05989 -0.87445 -0.25367
0.07356 -0.86656 -0.25367
0.08723 -0.85866 -0.25367
0.10090 -0.85077 -0.25367
0.11457 -0.84288 -0.25367
0.12824 -0.83499 -0.25367
0.14191 -0.82710 -0.25367
0.15558 -0.81920 -0.25367
0.16925 -0.81131 -0.25367
0.18292 -0.80342 -0.25367
0.19659 -0.79553 -0.25367
0.21026 -0.78764 -0.25367
0.22392 -0.77975 -0.25367
0.23759 -0.77185 -0.25367
0.25126 -0.76396 -0.25367
0.26493 -0.75607 -0.25367
0.27860 -0.74818 -0.25367
0.29227 -0.74029 -0.25367
0.30594 -0.73239 -0.25367
0.31961 -0.72450 -0.25367
0.33328 -0.71661 -0.25367
0.34695 -0.70872 -0.25367
0.36062 -0.70083 -0.25367
0.37428 -0.69293 -0.25367
0.38795 -0.68504 -0.25367
0.40162 -0.67715 -0.25367
0.41529 -0.66926 -0.25367
0.42896 -0.66137 -0.25367
0.44263 -0.65348 -0.25367
0.45630 -0.64558 -0.25367
0.46997 -0.63769 -0.25367
0.48364 -0.62980 -0.25367
0.49731 -0.62191 -0.25367
0.51098 -0.61402 -0.25367
0.52464 -0.60612 -0.25367
0.53831 -0.59823 -0.25367
0.55198 -0.59034 -0.25367
0.56565 -0.58245 -0.25367
0.57932 -0.57456 -0.25367
0.59299 -0.56666 -0.25367
0.60666 -0.55877 -0.25367
0.62033 -0.55088 -0.25367
0.63400 -0.54299 -0.25367
0.64767 -0.53510 -0.25367
0.66134 -0.52721 -0.25367
0.67501 -0.51931 -0.25367
0.68867 -0.51142 -0.25367
0.70234 -0.50353 -0.25367
0.71601 -0.49564 -0.25367
0.72968 -0.48775 -0.25367
0.74335 -0.47985 -0.25367
0.75702 -0.47196 -0.25367
0.77069 -0.46407 -0.25367
0.78436 -0.45618 -0.25367
26 0.78436 -0.45618 0.14522
0.78436 -0.45618 0.12926
0.78436 -0.45618 0.11331
0.78436 -0.45618 0.09735
0.78436 -0.45618 0.08140
0.78436 -0.45618 0.06544
0.78436 -0.45618 0.04949
0.78436 -0.45618 0.03353
0.78436 -0.45618 0.01757
0.78436 -0.45618 0.00162
0.78436 -0.45618 -0.01434
0.78436 -0.45618 -0.03029
0.78436 -0.45618 -0.04625
0.78436 -0.45618 -0.06220
0.78436 -0.45618 -0.07816
0.78436 -0.45618 -0.09412
0.78436 -0.45618 -0.11007
0.78436 -0.45618 -0.12603
0.78436 -0.45618 -0.14198
0.78436 -0.45618 -0.15794
0.78436 -0.45618 -0.17389
0.78436 -0.45618 -0.18985
0.78436 -0.45618 -0.20581
0.78436 -0.45618 -0.22176
0.78436 -0.45618 -0.23772
0.78436 -0.45618 -0.25367
31 0.39479 -0.68110 0.26575
0.40836 -0.67326 0.26559
0.42192 -0.66543 0.26512
0.43547 -0.65761 0.26433
0.44900 -0.64980 0.26322
0.46252 -0.64199 0.26181
0.47600 -0.63421 0.26010
0.48946 -0.62644 0.25809
0.50288 -0.61869 0.25579
0.51626 -0.61096 0.25320
0.52960 -0.60326 0.25033
0.54289 -0.59559 0.24719
0.55613 -0.58794 0.24378
0.56932 -0.58033 0.24010
0.58246 -0.57275 0.23618
0.59554 -0.56520 0.23200
0.60856 -0.55768 0.22759
0.62152 -0.55020 0.22295
0.63441 -0.54275 0.21809
0.64725 -0.53534 0.21302
0.66003 -0.52796 0.20774
0.67274 -0.52062 0.20227
0.68539 -0.51332 0.19660
0.69797 -0.50605 0.19075
0.71050 -0.49882 0.18472
0.72296 -0.49163 0.17852
0.73536 -0.48447 0.17215
0.74769 -0.47735 0.16564
0.75997 -0.47026 0.15897
0.77219 -0.46320 0.15216
0.78436 -0.45618 0.14522
53 -0.77392 -0.00634 0.26575
-0.77376 -0.02203 0.26575
-0.77329 -0.03772 0.26575
-0.77250 -0.05339 0.26575
-0.77139 -0.06904 0.26575
-0.76997 -0.08466 0.26575
-0.76824 -0.10026 0.26575
-0.76619 -0.11581 0.26575
-0.76383 -0.13133 0.26575
-0.76116 -0.14679 0.26575
-0.75818 -0.16219 0.26575
-0.75488 -0.17753 0.26575
-0.75128 -0.19280 0.26575
-0.74737 -0.20800 0.26575
-0.74316 -0.22311 0.26575
-0.73864 -0.23814 0.26575
-0.73382 -0.25307 0.26575
-0.72871 -0.26790 0.26575
-0.72329 -0.28263 0.26575
-0.71758 -0.29724 0.26575
-0.71157 -0.31174 0.26575
-0.70528 -0.32611 0.26575
-0.69870 -0.34035 0.26575
-0.69183 -0.35446 0.26575
-0.68468 -0.36843 0.26575
-0.67724 -0.38225 0.26575
-0.66954 -0.39591 0.26575
-0.66155 -0.40942 0.26575
-0.65330 -0.42277 0.26575
-0.64478 -0.43594 0.26575
-0.63600 -0.44894 0.26575
-0.62696 -0.46177 0.26575
-0.61766 -0.47440 0.26575
-0.60811 -0.48685 0.26575
-0.59831 -0.49911 0.26575
-0.58826 -0.51116 0.26575
-0.57798 -0.52301 0.26575
-0.56745 -0.53465 0.26575
-0.55670 -0.54607 0.26575
-0.54572 -0.55728 0.26575
-0.53451 -0.56826 0.26575
-0.52309 -0.57901 0.26575
-0.51145 -0.58954 0.26575
-0.49960 -0.59982 0.26575
-0.48754 -0.60987 0.26575
-0.47529 -0.61967 0.26575
-0.46284 -0.62922 0.26575
-0.45021 -0.63852 0.26575
-0.43738 -0.64756 0.26575
-0.42438 -0.65634 0.26575
-0.41120 -0.66486 0.26575
-0.39786 -0.67312 0.26575
-0.38435 -0.68110 0.26575
31 -0.38435 0.66841 0.26575
-0.39792 0.66058 0.26559
-0.41148 0.65275 0.26512
-0.42503 0.64493 0.26433
-0.43857 0.63711 0.26322
-0.45208 0.62931 0.26181
-0.46557 0.62152 0.26010
-0.47902 0.61375 0.25809
-0.49244 0.60601 0.25579
-0.50582 0.59828 0.25320
-0.51916 0.59058 0.25033
-0.53245 0.58290 0.24719
-0.54570 0.57526 0.24378
-0.55889 0.56764 0.24010
-0.57202 0.56006 0.23618
-0.58510 0.55251 0.23200
-0.59812 0.54499 0.22759
-0.61108 0.53751 0.22295
-0.62398 0.53006 0.21809
-0.63681 0.52265 0.21302
-0.64959 0.51528 0.20774
-0.66230 0.50794 0.20227
-0.67495 0.50063 0.19660
-0.68754 0.49337 0.19075
-0.70006 0.48614 0.18472
-0.71252 0.47894 0.17852
-0.72492 0.47178 0.17215
-0.73726 0.46466 0.16564
-0.74954 0.45757 0.15897
-0.76176 0.45052 0.15216
-0.77392 0.44349 0.14522
53 -0.38435 0.66841 0.26575
-0.39786 0.66043 0.26575
-0.41120 0.65218 0.26575
-0.42438 0.64366 0.26575
-0.43738 0.63488 0.26575
-0.45021 0.62583 0.26575
-0.46284 0.61654 0.26575
-0.47529 0.60698 0.26575
-0.48754 0.59718 0.26575
-0.49960 0.58714 0.26575
-0.51145 0.57685 0.26575
-0.52309 0.56633 0.26575
-0.53451 0.55557 0.26575
-0.54572 0.54459 0.26575
-0.55670 0.53339 0.26575
-0.56745 0.52196 0.26575
-0.57798 0.51032 0.26575
-0.58826 0.49847 0.26575
-0.59831 0.48642 0.26575
-0.60811 0.47417 0.26575
-0.61766 0.46172 0.26575
-0.62696 0.44908 0.26575
-0.63600 0.43626 0.26575
-0.64478 0.42326 0.26575
-0.65330 0.41008 0.26575
-0.66155 0.39674 0.26575
-0.66954 0.38323 0.26575
-0.67724 0.36956 0.26575
-0.68468 0.35574 0.26575
-0.69183 0.34178 0.26575
-0.69870 0.32767 0.26575
-0.70528 0.31343 0.26575
-0.71157 0.29905 0.26575
-0.71758 0.28456 0.26575
-0.72329 0.26994 0.26575
-0.72871 0.25522 0.26575
-0.73382 0.24039 0.26575
-0.73864 0.22545 0.26575
-0.74316 0.21043 0.26575
-0.74737 0.19531 0.26575
-0.75128 0.18012 0.26575
-0.75488 0.16485 0.26575
-0.75818 0.14951 0.26575
-0.76116 0.13410 0.26575
-0.76383 0.11864 0.26575
-0.76619 0.10313 0.26575
-0.76824 0.08757 0.26575
-0.76997 0.07198 0.26575
-0.77139 0.05635 0.26575
-0.77250 0.04070 0.26575
-0.77329 0.02503 0.26575
-0.77376 0.00935 0.26575
-0.77392 -0.00634 0.26575
53 -0.38435 -0.68110 0.26575
-0.37068 -0.68880 0.26575
-0.35687 -0.69624 0.26575
-0.34290 -0.70339 0.26575
-0.32879 -0.71026 0.26575
-0.31455 -0.71684 0.26575
-0.30018 -0.72313 0.26575
-0.28568 -0.72914 0.26575
-0.27107 -0.73485 0.26575
-0.25634 -0.74027 0.26575
-0.24151 -0.74538 0.26575
-0.22658 -0.75020 0.26575
-0.21155 -0.75472 0.26575
-0.19644 -0.75893 0.26575
-0.18124 -0.76284 0.26575
-0.16597 -0.76644 0.26575
-0.15063 -0.76974 0.26575
-0.13523 -0.77272 0.26575
-0.11976 -0.77539 0.26575
-0.10425 -0.77775 0.26575
-0.08870 -0.77980 0.26575
-0.07310 -0.78154 0.26575
-0.05748 -0.78296 0.26575
-0.04182 -0.78406 0.26575
-0.02615 -0.78485 0.26575
-0.01047 -0.78532 0.26575
0.00522 -0.78548 0.26575
0.02091 -0.78532 0.26575
0.03659 -0.78485 0.26575
0.05226 -0.78406 0.26575
0.06791 -0.78296 0.26575
0.08354 -0.78154 0.26575
0.09913 -0.77980 0.26575
0.11469 -0.77775 0.26575
0.13020 -0.77539 0.26575
0.14566 -0.77272 0.26575
0.16107 -0.76974 0.26575
0.17641 -0.76644 0.26575
0.19168 -0.76284 0.26575
0.20687 -0.75893 0.26575
0.22199 -0.75472 0.26575
0.23701 -0.75020 0.26575
0.25195 -0.74538 0.26575
0.26678 -0.74027 0.26575
0.28151 -0.73485 0.26575
0.29612 -0.72914 0.26575
0.31062 -0.72313 0.26575
0.32499 -0.71684 0.26575
0.33923 -0.71026 0.26575
0.35334 -0.70339 0.26575
0.36730 -0.69624 0.26575
0.38112 -0.68880 0.26575
0.39479 -0.68110 0.26575
53 0.39479 -0.68110 0.26575
0.40830 -0.67312 0.26575
0.42164 -0.66486 0.26575
0.43482 -0.65634 0.26575
0.44782 -0.64756 0.26575
0.46064 -0.63852 0.26575
0.47328 -0.62922 0.26575
0.48573 -0.61967 0.26575
0.49798 -0.60987 0.26575
0.51003 -0.59982 0.26575
0.52188 -0.58954 0.26575
0.53352 -0.57901 0.26575
0.54495 -0.56826 0.26575
0.55615 -0.55728 0.26575
0.56714 -0.54607 0.26575
0.57789 -0.53465 0.26575
0.58841 -0.52301 0.26575
0.59870 -0.51116 0.26575
0.60874 -0.49911 0.26575
0.61854 -0.48685 0.26575
0.62810 -0.47440 0.26575
0.63740 -0.46177 0.26575
0.64644 -0.44894 0.26575
0.65522 -0.43594 0.26575
0.66374 -0.42277 0.26575
0.67199 -0.40942 0.26575
0.67997 -0.39591 0.26575
0.68768 -0.38225 0.26575
0.69511 -0.36843 0.26575
0.70226 -0.35446 0.26575
0.70913 -0.34035 0.26575
0.71572 -0.32611 0.26575
0.72201 -0.31174 0.26575
0.72802 -0.29724 0.26575
0.73373 -0.28263 0.26575
0.73914 -0.26790 0.26575
0.74426 -0.25307 0.26575
0.74908 -0.23814 0.26575
0.75360 -0.22311 0.26575
0.75781 -0.20800 0.26575
0.76172 -0.19280 0.26575
0.76532 -0.17753 0.26575
0.76861 -0.16219 0.26575
0.77160 -0.14679 0.26575
0.77427 -0.13133 0.26575
0.77663 -0.11581 0.26575
0.77868 -0.10026 0.26575
0.78041 -0.08466 0.26575
0.78183 -0.06904 0.26575
0.78294 -0.05339 0.26575
0.78373 -0.03772 0.26575
0.78420 -0.02203 0.26575
0.78436 -0.00634 0.26575
31 0.78436 -0.45618 0.14522
0.78436 -0.44213 0.15216
0.78436 -0.42802 0.15896
0.78436 -0.41384 0.16562
0.78436 -0.39959 0.17213
0.78436 -0.38527 0.17849
0.78436 -0.37088 0.18468
0.78436 -0.35641 0.19071
0.78436 -0.34188 0.19656
0.78436 -0.32728 0.20223
0.78436 -0.31260 0.20771
0.78436 -0.29785 0.21300
0.78436 -0.28303 0.21808
0.78436 -0.26814 0.22294
0.78436 -0.25317 0.22759
0.78436 -0.23814 0.23200
0.78436 -0.22304 0.23618
0.78436 -0.20788 0.24011
0.78436 -0.19265 0.24379
0.78436 -0.17736 0.24721
0.78436 -0.16201 0.25035
0.78436 -0.14661 0.25323
0.78436 -0.13116 0.25582
0.78436 -0.11566 0.25812
0.78436 -0.10012 0.26012
0.78436 -0.08455 0.26183
0.78436 -0.06894 0.26323
0.78436 -0.05332 0.26433
0.78436 -0.03767 0.26512
0.78436 -0.02201 0.26559
0.78436 -0.00634 0.26575
53 0.78436 -0.00634 0.26575
0.78420 0.00935 0.26575
0.78373 0.02503 0.26575
0.78294 0.04070 0.26575
0.78183 0.05635 0.26575
0.78041 0.07198 0.26575
0.77868 0.08757 0.26575
0.77663 0.10313 0.26575
0.77427 0.11864 0.26575
0.77160 0.13410 0.26575
0.76861 0.14951 0.26575
0.76532 0.16485 0.26575
0.76172 0.18012 0.26575
0.75781 0.19531 0.26575
0.75360 0.21043 0.26575
0.74908 0.22545 0.26575
0.74426 0.24039 0.26575
0.73914 0.25522 0.26575
0.73373 0.26994 0.26575
0.72802 0.28456 0.26575
0.72201 0.29905 0.26575
0.71572 0.31343 0.26575
0.70913 0.32767 0.26575
0.70226 0.34178 0.26575
0.69511 0.35574 0.26575
0.68768 0.36956 0.26575
0.67997 0.38323 0.26575
0.67199 0.39674 0.26575
0.66374 0.41008 0.26575
0.65522 0.42326 0.26575
0.64644 0.43626 0.26575
0.63740 0.44908 0.26575
0.62810 0.46172 0.26575
0.61854 0.47417 0.26575
0.60874 0.48642 0.26575
0.59870 0.49847 0.26575
0.58841 0.51032 0.26575
0.57789 0.52196 0.26575
0.56714 0.53339 0.26575
0.55615 0.54459 0.26575
0.54495 0.55557 0.26575
0.53352 0.56633 0.26575
0.52188 0.57685 0.26575
0.51003 0.58714 0.26575
0.49798 0.59718 0.26575
0.48573 0.60698 0.26575
0.47328 0.61654 0.26575
0.46064 0.62583 0.26575
0.44782 0.63488 0.26575
0.43482 0.64366 0.26575
0.42164 0.65218 0.26575
0.40830 0.66043 0.26575
0.39479 0.66841 0.26575
53 0.39479 0.66841 0.26575
0.38112 0.67612 0.26575
0.36730 0.68355 0.26575
0.35334 0.69070 0.26575
0.33923 0.69757 0.26575
0.32499 0.70415 0.26575
0.31062 0.71045 0.26575
0.29612 0.71645 0.26575
0.28151 0.72217 0.26575
0.26678 0.72758 0.26575
0.25195 0.73270 0.26575
0.23701 0.73752 0.26575
0.22199 0.74204 0.26575
0.20687 0.74625 0.26575
0.19168 0.75016 0.26575
0.17641 0.75376 0.26575
0.16107 0.75705 0.26575
0.14566 0.76003 0.26575
0.13020 0.76271 0.26575
0.11469 0.76507 0.26575
0.09913 0.76712 0.26575
0.08354 0.76885 0.26575
0.06791 0.77027 0.26575
0.05226 0.77138 0.26575
0.03659 0.77217 0.26575
0.02091 0.77264 0.26575
0.00522 0.77280 0.26575
-0.01047 0.77264 0.26575
-0.02615 0.77217 0.26575
-0.04182 0.77138 0.26575
-0.05748 0.77027 0.26575
-0.07310 0.76885 0.26575
-0.08870 0.76712 0.26575
-0.10425 0.76507 0.26575
-0.11976 0.76271 0.26575
-0.13523 0.76003 0.26575
-0.15063 0.75705 0.26575
-0.16597 0.75376 0.26575
-0.18124 0.75016 0.26575
-0.19644 0.74625 0.26575
-0.21155 0.74204 0.26575
-0.22658 0.73752 0.26575
-0.24151 0.73270 0.26575
-0.25634 0.72758 0.26575
-0.27107 0.72217 0.26575
-0.28568 0.71645 0.26575
-0.30018 0.71045 0.26575
-0.31455 0.70415 0.26575
-0.32879 0.69757 0.26575
-0.34290 0.69070 0.26575
-0.35687 0.68355 0.26575
-0.37068 0.67612 0.26575
-0.38435 0.66841 0.26575
166 0.41660 -0.00634 0.26575
0.41631 0.00932 0.26575
0.41541 0.02496 0.26575
0.41392 0.04055 0.26575
0.41184 0.05608 0.26575
0.40917 0.07151 0.26575
0.40591 0.08684 0.26575
0.40208 0.10202 0.26575
0.39766 0.11705 0.26575
0.39268 0.13190 0.26575
0.38714 0.14655 0.26575
0.38104 0.16098 0.26575
0.37440 0.17517 0.26575
0.36722 0.18909 0.26575
0.35951 0.20273 0.26575
0.35130 0.21607 0.26575
0.34258 0.22908 0.26575
0.33337 0.24176 0.26575
0.32369 0.25407 0.26575
0.31354 0.26601 0.26575
0.30295 0.27755 0.26575
0.29193 0.28868 0.26575
0.28049 0.29938 0.26575
0.26865 0.30963 0.26575
0.25643 0.31943 0.26575
0.24385 0.32876 0.26575
0.23091 0.33760 0.26575
0.21766 0.34595 0.26575
0.20409 0.35378 0.26575
0.19024 0.36109 0.26575
0.17611 0.36787 0.26575
0.16174 0.37410 0.26575
0.14715 0.37979 0.26575
0.13234 0.38491 0.26575
0.11736 0.38946 0.26575
0.10221 0.39345 0.26575
0.08692 0.39685 0.26575
0.07151 0.39967 0.26575
0.05600 0.40190 0.26575
0.04042 0.40353 0.26575
0.02479 0.40458 0.26575
0.00913 0.40502 0.26575
-0.00653 0.40488 0.26575
-0.02218 0.40413 0.26575
-0.03778 0.40279 0.26575
-0.05333 0.40086 0.26575
-0.06879 0.39833 0.26575
-0.08414 0.39522 0.26575
-0.09936 0.39153 0.26575
-0.11443 0.38726 0.26575
-0.12933 0.38242 0.26575
-0.14404 0.37701 0.26575
-0.15852 0.37105 0.26575
-0.17277 0.36455 0.26575
-0.18676 0.35750 0.26575
-0.20047 0.34993 0.26575
-0.21389 0.34184 0.26575
-0.22699 0.33324 0.26575
-0.23975 0.32416 0.26575
-0.25215 0.31459 0.26575
-0.26418 0.30456 0.26575
-0.27582 0.29408 0.26575
-0.28706 0.28316 0.26575
-0.29787 0.27183 0.26575
-0.30824 0.26009 0.26575
-0.31815 0.24796 0.26575
-0.32760 0.23546 0.26575
-0.33656 0.22262 0.26575
-0.34503 0.20944 0.26575
-0.35299 0.19595 0.26575
-0.36044 0.18217 0.26575
-0.36735 0.16811 0.26575
-0.37372 0.15380 0.26575
-0.37954 0.13926 0.26575
-0.38480 0.12450 0.26575
-0.38950 0.10956 0.26575
-0.39363 0.09445 0.26575
-0.39718 0.07919 0.26575
-0.40014 0.06381 0.26575
-0.40252 0.04832 0.26575
-0.40430 0.03276 0.26575
-0.40550 0.01714 0.26575
-0.40609 0.00149 0.26575
-0.40609 -0.01417 0.26575
-0.40550 -0.02983 0.26575
-0.40430 -0.04545 0.26575
-0.40252 -0.06101 0.26575
-0.40014 -0.07649 0.26575
-0.39718 -0.09187 0.26575
-0.39363 -0.10713 0.26575
-0.38950 -0.12224 0.26575
-0.38480 -0.13719 0.26575
-0.37954 -0.15194 0.26575
-0.37372 -0.16648 0.26575
-0.36735 -0.18079 0.26575
-0.36044 -0.19485 0.26575
-0.35299 -0.20863 0.26575
-0.34503 -0.22213 0.26575
-0.33656 -0.23530 0.26575
-0.32760 -0.24815 0.26575
-0.31815 -0.26064 0.26575
-0.30824 -0.27277 0.26575
-0.29787 -0.28451 0.26575
-0.28706 -0.29585 0.26575
-0.27582 -0.30677 0.26575
-0.26418 -0.31725 0.26575
-0.25215 -0.32728 0.26575
-0.23975 -0.33684 0.26575
-0.22699 -0.34593 0.26575
-0.21389 -0.35452 0.26575
-0.20047 -0.36261 0.26575
-0.18676 -0.37019 0.26575
-0.17277 -0.37723 0.26575
-0.15852 -0.38374 0.26575
-0.14404 -0.38970 0.26575
-0.12933 -0.39510 0.26575
-0.11443 -0.39994 0.26575
-0.09936 -0.40421 0.26575
-0.08414 -0.40791 0.26575
-0.06879 -0.41102 0.26575
-0.05333 -0.41354 0.26575
-0.03778 -0.41547 0.26575
-0.02218 -0.41681 0.26575
-0.00653 -0.41756 0.26575
0.00913 -0.41771 0.26575
0.02479 -0.41726 0.26575
0.04042 -0.41622 0.26575
0.05600 -0.41458 0.26575
0.07151 -0.41235 0.26575
0.08692 -0.40953 0.26575
0.10221 -0.40613 0.26575
0.11736 -0.40215 0.26575
0.13234 -0.39759 0.26575
0.14715 -0.39247 0.26575
0.16174 -0.38679 0.26575
0.17611 -0.38055 0.26575
0.19024 -0.37377 0.26575
0.20409 -0.36646 0.26575
0.21766 -0.35863 0.26575
0.23091 -0.35029 0.26575
0.24385 -0.34145 0.26575
0.25643 -0.33212 0.26575
0.26865 -0.32232 0.26575
0.28049 -0.31206 0.26575
0.29193 -0.30136 0.26575
0.30295 -0.29023 0.26575
0.31354 -0.27869 0.26575
0.32369 -0.26675 0.26575
0.33337 -0.25444 0.26575
0.34258 -0.24177 0.26575
0.35130 -0.22875 0.26575
0.35951 -0.21542 0.26575
0.36722 -0.20178 0.26575
0.37440 -0.18785 0.26575
0.38104 -0.17367 0.26575
0.38714 -0.15924 0.26575
0.39268 -0.14459 0.26575
0.39766 -0.12974 0.26575
0.40208 -0.11471 0.26575
0.40591 -0.09952 0.26575
0.40917 -0.08420 0.26575
0.41184 -0.06876 0.26575
0.41392 -0.05324 0.26575
0.41541 -0.03764 0.26575
0.41631 -0.02200 0.26575
0.41660 -0.00634 0.26575
58 0.00522 0.89333 -0.25367
-0.00845 0.88544 -0.25367
-0.02212 0.87755 -0.25367
-0.03579 0.86965 -0.25367
-0.04946 0.86176 -0.25367
-0.06313 0.85387 -0.25367
-0.07680 0.84598 -0.25367
-0.09047 0.83809 -0.25367
-0.10413 0.83020 -0.25367
-0.11780 0.82230 -0.25367
-0.13147 0.81441 -0.25367
-0.14514 0.80652 -0.25367
-0.15881 0.79863 -0.25367
-0.17248 0.79074 -0.25367
-0.18615 0.78284 -0.25367
-0.19982 0.77495 -0.25367
-0.21349 0.76706 -0.25367
-0.22716 0.75917 -0.25367
-0.24083 0.75128 -0.25367
-0.25449 0.74338 -0.25367
-0.26816 0.73549 -0.25367
-0.28183 0.72760 -0.25367
-0.29550 0.71971 -0.25367
-0.30917 0.71182 -0.25367
-0.32284 0.70393 -0.25367
-0.33651 0.69603 -0.25367
-0.35018 0.68814 -0.25367
-0.36385 0.68025 -0.25367
-0.37752 0.67236 -0.25367
-0.39119 0.66447 -0.25367
-0.40485 0.65657 -0.25367
-0.41852 0.64868 -0.25367
-0.43219 0.64079 -0.25367
-0.44586 0.63290 -0.25367
-0.45953 0.62501 -0.25367
-0.47320 0.61712 -0.25367
-0.48687 0.60922 -0.25367
-0.50054 0.60133 -0.25367
-0.51421 0.59344 -0.25367
-0.52788 0.58555 -0.25367
-0.54155 0.57766 -0.25367
-0.55522 0.56976 -0.25367
-0.56888 0.56187 -0.25367
-0.58255 0.55398 -0.25367
-0.59622 0.54609 -0.25367
-0.60989 0.53820 -0.25367
-0.62356 0.53030 -0.25367
-0.63723 0.52241 -0.25367
-0.65090 0.51452 -0.25367
-0.66457 0.50663 -0.25367
-0.67824 0.49874 -0.25367
-0.69191 0.49085 -0.25367
-0.70558 0.48295 -0.25367
-0.71924 0.47506 -0.25367
-0.73291 0.46717 -0.25367
-0.74658 0.45928 -0.25367
-0.76025 0.45139 -0.25367
-0.77392 0.44349 -0.25367
58 0.00522 0.89333 -0.25367
0.01889 0.88544 -0.25367
0.03256 0.87755 -0.25367
0.04623 0.86965 -0.25367
0.05989 0.86176 -0.25367
0.07356 0.85387 -0.25367
0.08723 0.84598 -0.25367
0.10090 0.83809 -0.25367
0.11457 0.83020 -0.25367
0.12824 0.82230 -0.25367
0.14191 0.81441 -0.25367
0.15558 0.80652 -0.25367
0.16925 0.79863 -0.25367
0.18292 0.79074 -0.25367
0.19659 0.78284 -0.25367
0.21026 0.77495 -0.25367
0.22392 0.76706 -0.25367
0.23759 0.75917 -0.25367
0.25126 0.75128 -0.25367
0.26493 0.74338 -0.25367
0.27860 0.73549 -0.25367
0.29227 0.72760 -0.25367
0.30594 0.71971 -0.25367
0.31961 0.71182 -0.25367
0.33328 0.70393 -0.25367
0.34695 0.69603 -0.25367
0.36062 0.68814 -0.25367
0.37428 0.68025 -0.25367
0.38795 0.67236 -0.25367
0.40162 0.66447 -0.25367
0.41529 0.65657 -0.25367
0.42896 0.64868 -0.25367
0.44263 0.64079 -0.25367
0.45630 0.63290 -0.25367
0.46997 0.62501 -0.25367
0.48364 0.61712 -0.25367
0.49731 0.60922 -0.25367
0.51098 0.60133 -0.25367
0.52464 0.59344 -0.25367
0.53831 0.58555 -0.25367
0.55198 0.57766 -0.25367
0.56565 0.56976 -0.25367
0.57932 0.56187 -0.25367
0.59299 0.55398 -0.25367
0.60666 0.54609 -0.25367
0.62033 0.53820 -0.25367
0.63400 0.53030 -0.25367
0.64767 0.52241 -0.25367
0.66134 0.51452 -0.25367
0.67501 0.50663 -0.25367
0.68867 0.49874 -0.25367
0.70234 0.49085 -0.25367
0.71601 0.48295 -0.25367
0.72968 0.47506 -0.25367
0.74335 0.46717 -0.25367
0.75702 0.45928 -0.25367
0.77069 0.45139 -0.25367
0.78436 0.44349 -0.25367
58 0.78436 0.44349 -0.25367
0.78436 0.42771 -0.25367
0.78436 0.41193 -0.25367
0.78436 0.39614 -0.25367
0.78436 0.38036 -0.25367
0.78436 0.36458 -0.25367
0.78436 0.34879 -0.25367
0.78436 0.33301 -0.25367
0.78436 0.31722 -0.25367
0.78436 0.30144 -0.25367
0.78436 0.28566 -0.25367
0.78436 0.26987 -0.25367
0.78436 0.25409 -0.25367
0.78436 0.23831 -0.25367
0.78436 0.22252 -0.25367
0.78436 0.20674 -0.25367
0.78436 0.19095 -0.25367
0.78436 0.17517 -0.25367
0.78436 0.15939 -0.25367
0.78436 0.14360 -0.25367
0.78436 0.12782 -0.25367
0.78436 0.11204 -0.25367
0.78436 0.09625 -0.25367
0.78436 0.08047 -0.25367
0.78436 0.06468 -0.25367
0.78436 0.04890 -0.25367
0.78436 0.03312 -0.25367
0.78436 0.01733 -0.25367
0.78436 0.00155 -0.25367
0.78436 -0.01423 -0.25367
0.78436 -0.03002 -0.25367
0.78436 -0.04580 -0.25367
0.78436 -0.06159 -0.25367
0.78436 -0.07737 -0.25367
0.78436 -0.09315 -0.25367
0.78436 -0.10894 -0.25367
0.78436 -0.12472 -0.25367
0.78436 -0.14050 -0.25367
0.78436 -0.15629 -0.25367
0.78436 -0.17207 -0.25367
0.78436 -0.18786 -0.25367
0.78436 -0.20364 -0.25367
0.78436 -0.21942 -0.25367
0.78436 -0.23521 -0.25367
0.78436 -0.25099 -0.25367
0.78436 -0.26677 -0.25367
0.78436 -0.28256 -0.25367
0.78436 -0.29834 -0.25367
0.78436 -0.31413 -0.25367
0.78436 -0.32991 -0.25367
0.78436 -0.34569 -0.25367
0.78436 -0.36148 -0.25367
0.78436 -0.37726 -0.25367
0.78436 -0.39304 -0.25367
0.78436 -0.40883 -0.25367
0.78436 -0.42461 -0.25367
0.78436 -0.44040 -0.25367
0.78436 -0.45618 -0.25367
166 0.41660 -0.00634 -0.25367
0.41631 0.00932 -0.25367
0.41541 0.02496 -0.25367
0.41392 0.04055 -0.25367
0.41184 0.05608 -0.25367
0.40917 0.07151 -0.25367
0.40591 0.08684 -0.25367
0.40208 0.10202 -0.25367
0.39766 0.11705 -0.25367
0.39268 0.13190 -0.25367
0.38714 0.14655 -0.25367
0.38104 0.16098 -0.25367
0.37440 0.17517 -0.25367
0.36722 0.18909 -0.25367
0.35951 0.20273 -0.25367
0.35130 0.21607 -0.25367
0.34258 0.22908 -0.25367
0.33337 0.24176 -0.25367
0.32369 0.25407 -0.25367
0.31354 0.26601 -0.25367
0.30295 0.27755 -0.25367
0.29193 0.28868 -0.25367
0.28049 0.29938 -0.25367
0.26865 0.30963 -0.25367
0.25643 0.31943 -0.25367
0.24385 0.32876 -0.25367
0.23091 0.33760 -0.25367
0.21766 0.34595 -0.25367
0.20409 0.35378 -0.25367
0.19024 0.36109 -0.25367
0.17611 0.36787 -0.25367
0.16174 0.37410 -0.25367
0.14715 0.37979 -0.25367
0.13234 0.38491 -0.25367
0.11736 0.38946 -0.25367
0.10221 0.39345 -0.25367
0.08692 0.39685 -0.25367
0.07151 0.39967 -0.25367
0.05600 0.40190 -0.25367
0.04042 0.40353 -0.25367
0.02479 0.40458 -0.25367
0.00913 0.40502 -0.25367
-0.00653 0.40488 -0.25367
-0.02218 0.40413 -0.25367
-0.03778 0.40279 -0.25367
-0.05333 0.40086 -0.25367
-0.06879 0.39833 -0.25367
-0.08414 0.39522 -0.25367
-0.09936 0.39153 -0.25367
-0.11443 0.38726 -0.25367
-0.12933 0.38242 -0.25367
-0.14404 0.37701 -0.25367
-0.15852 0.37105 -0.25367
-0.17277 0.36455 -0.25367
-0.18676 0.35750 -0.25367
-0.20047 0.34993 -0.25367
-0.21389 0.34184 -0.25367
-0.22699 0.33324 -0.25367
-0.23975 0.32416 -0.25367
-0.25215 0.31459 -0.25367
-0.26418 0.30456 -0.25367
-0.27582 0.29408 -0.25367
-0.28706 0.28316 -0.25367
-0.29787 0.27183 -0.25367
-0.30824 0.26009 -0.25367
-0.31815 0.24796 -0.25367
-0.32760 0.23546 -0.25367
-0.33656 0.22262 -0.25367
-0.34503 0.20944 -0.25367
-0.35299 0.19595 -0.25367
-0.36044 0.18217 -0.25367
-0.36735 0.16811 -0.25367
-0.37372 0.15380 -0.25367
-0.37954 0.13926 -0.25367
-0.38480 0.12450 -0.25367
-0.38950 0.10956 -0.25367
-0.39363 0.09445 -0.25367
-0.39718 0.07919 -0.25367
-0.40014 0.06381 -0.25367
-0.40252 0.04832 -0.25367
-0.40430 0.03276 -0.25367
-0.40550 0.01714 -0.25367
-0.40609 0.00149 -0.25367
-0.40609 -0.01417 -0.25367
-0.40550 -0.02983 -0.25367
-0.40430 -0.04545 -0.25367
-0.40252 -0.06101 -0.25367
-0.40014 -0.07649 -0.25367
-0.39718 -0.09187 -0.25367
-0.39363 -0.10713 -0.25367
-0.38950 -0.12224 -0.25367
-0.38480 -0.13719 -0.25367
-0.37954 -0.15194 -0.25367
-0.37372 -0.16648 -0.25367
-0.36735 -0.18079 -0.25367
-0.36044 -0.19485 -0.25367
-0.35299 -0.20863 -0.25367
-0.34503 -0.22213 -0.25367
-0.33656 -0.23530 -0.25367
-0.32760 -0.24815 -0.25367
-0.31815 -0.26064 -0.25367
-0.30824 -0.27277 -0.25367
-0.29787 -0.28451 -0.25367
-0.28706 -0.29585 -0.25367
-0.27582 -0.30677 -0.25367
-0.26418 -0.31725 -0.25367
-0.25215 -0.32728 -0.25367
-0.23975 -0.33684 -0.25367
-0.22699 -0.34593 -0.25367
-0.21389 -0.35452 -0.25367
-0.20047 -0.36261 -0.25367
-0.18676 -0.37019 -0.25367
-0.17277 -0.37723 -0.25367
-0.15852 -0.38374 -0.25367
-0.14404 -0.38970 -0.25367
-0.12933 -0.39510 -0.25367
-0.11443 -0.39994 -0.25367
-0.09936 -0.40421 -0.25367
-0.08414 -0.40791 -0.25367
-0.06879 -0.41102 -0.25367
-0.05333 -0.41354 -0.25367
-0.03778 -0.41547 -0.25367
-0.02218 -0.41681 -0.25367
-0.00653 -0.41756 -0.25367
0.00913 -0.41771 -0.25367
0.02479 -0.41726 -0.25367
0.04042 -0.41622 -0.25367
0.05600 -0.41458 -0.25367
0.07151 -0.41235 -0.25367
0.08692 -0.40953 -0.25367
0.10221 -0.40613 -0.25367
0.11736 -0.40215 -0.25367
0.13234 -0.39759 -0.25367
0.14715 -0.39247 -0.25367
0.16174 -0.38679 -0.25367
0.17611 -0.38055 -0.25367
0.19024 -0.37377 -0.25367
0.20409 -0.36646 -0.25367
0.21766 -0.35863 -0.25367
0.23091 -0.35029 -0.25367
0.24385 -0.34145 -0.25367
0.25643 -0.33212 -0.25367
0.26865 -0.32232 -0.25367
0.28049 -0.31206 -0.25367
0.29193 -0.30136 -0.25367
0.30295 -0.29023 -0.25367
0.31354 -0.27869 -0.25367
0.32369 -0.26675 -0.25367
0.33337 -0.25444 -0.25367
0.34258 -0.24177 -0.25367
0.35130 -0.22875 -0.25367
0.35951 -0.21542 -0.25367
0.36722 -0.20178 -0.25367
0.37440 -0.18785 -0.25367
0.38104 -0.17367 -0.25367
0.38714 -0.15924 -0.25367
0.39268 -0.14459 -0.25367
0.39766 -0.12974 -0.25367
0.40208 -0.11471 -0.25367
0.40591 -0.09952 -0.25367
0.40917 -0.08420 -0.25367
0.41184 -0.06876 -0.25367
0.41392 -0.05324 -0.25367
0.41541 -0.03764 -0.25367
0.41631 -0.02200 -0.25367
0.41660 -0.00634 -0.25367
26 0.00522 0.89333 0.14522
0.00522 0.89333 0.12926
0.00522 0.89333 0.11331
0.00522 0.89333 0.09735
0.00522 0.89333 0.08140
0.00522 0.89333 0.06544
0.00522 0.89333 0.04949
0.00522 0.89333 0.03353
0.00522 0.89333 0.01757
0.00522 0.89333 0.00162
0.00522 0.89333 -0.01434
0.00522 0.89333 -0.03029
0.00522 0.89333 -0.04625
0.00522 0.89333 -0.06220
0.00522 0.89333 -0.07816
0.00522 0.89333 -0.09412
0.00522 0.89333 -0.11007
0.00522 0.89333 -0.12603
0.00522 0.89333 -0.14198
0.00522 0.89333 -0.15794
0.00522 0.89333 -0.17389
0.00522 0.89333 -0.18985
0.00522 0.89333 -0.20581
0.00522 0.89333 -0.22176
0.00522 0.89333 -0.23772
0.00522 0.89333 -0.25367
31 0.00522 0.89333 0.14522
0.01738 0.88631 0.15216
0.02960 0.87925 0.15897
0.04188 0.87216 0.16563
0.05422 0.86504 0.17215
0.06662 0.85788 0.17851
0.07908 0.85069 0.18471
0.09161 0.84345 0.19074
0.10419 0.83619 0.19659
0.11684 0.82889 0.20226
0.12955 0.82155 0.20774
0.14233 0.81417 0.21302
0.15516 0.80676 0.21809
0.16806 0.79931 0.22295
0.18102 0.79183 0.22759
0.19404 0.78431 0.23200
0.20712 0.77676 0.23618
0.22025 0.76918 0.24011
0.23344 0.76157 0.24379
0.24668 0.75392 0.24721
0.25997 0.74625 0.25036
0.27331 0.73855 0.25323
0.28669 0.73082 0.25582
0.30011 0.72307 0.25812
0.31357 0.71530 0.26012
0.32706 0.70752 0.26182
0.34057 0.69971 0.26322
0.35411 0.69190 0.26432
0.36766 0.68408 0.26511
0.38122 0.67625 0.26559
0.39479 0.66841 0.26575
31 0.39479 0.66841 0.26575
0.40836 0.66058 0.26559
0.42192 0.65275 0.26512
0.43547 0.64493 0.26433
0.44900 0.63711 0.26322
0.46252 0.62931 0.26181
0.47600 0.62152 0.26010
0.48946 0.61375 0.25809
0.50288 0.60601 0.25579
0.51626 0.59828 0.25320
0.52960 0.59058 0.25033
0.54289 0.58290 0.24719
0.55613 0.57526 0.24378
0.56932 0.56764 0.24010
0.58246 0.56006 0.23618
0.59554 0.55251 0.23200
0.60856 0.54499 0.22759
0.62152 0.53751 0.22295
0.63441 0.53006 0.21809
0.64725 0.52265 0.21302
0.66003 0.51528 0.20774
0.67274 0.50794 0.20227
0.68539 0.50063 0.19660
0.69797 0.49337 0.19075
0.71050 0.48614 0.18472
0.72296 0.47894 0.17852
0.73536 0.47178 0.17215
0.74769 0.46466 0.16564
0.75997 0.45757 0.15897
0.77219 0.45052 0.15216
0.78436 0.44349 0.14522
26 0.78436 0.44349 0.14522
0.78436 0.44349 0.12926
0.78436 0.44349 0.11331
0.78436 0.44349 0.09735
0.78436 0.44349 0.08140
0.78436 0.44349 0.06544
0.78436 0.44349 0.04949
0.78436 0.44349 0.03353
0.78436 0.44349 0.01757
0.78436 0.44349 0.00162
0.78436 0.44349 -0.01434
0.78436 0.44349 -0.03029
0.78436 0.44349 -0.04625
0.78436 0.44349 -0.06220
0.78436 0.44349 -0.07816
0.78436 0.44349 -0.09412
0.78436 0.44349 -0.11007
0.78436 0.44349 -0.12603
0.78436 0.44349 -0.14198
0.78436 0.44349 -0.15794
0.78436 0.44349 -0.17389
0.78436 0.44349 -0.18985
0.78436 0.44349 -0.20581
0.78436 0.44349 -0.22176
0.78436 0.44349 -0.23772
0.78436 0.44349 -0.25367
31 0.78436 -0.00634 0.26575
0.78436 0.00932 0.26559
0.78436 0.02498 0.26512
0.78436 0.04063 0.26433
0.78436 0.05626 0.26323
0.78436 0.07186 0.26182
0.78436 0.08744 0.26011
0.78436 0.10297 0.25810
0.78436 0.11847 0.25580
0.78436 0.13392 0.25321
0.78436 0.14932 0.25034
0.78436 0.16467 0.24719
0.78436 0.17996 0.24378
0.78436 0.19519 0.24011
0.78436 0.21036 0.23618
0.78436 0.22546 0.23200
0.78436 0.24049 0.22759
0.78436 0.25545 0.22294
0.78436 0.27035 0.21808
0.78436 0.28517 0.21300
0.78436 0.29992 0.20772
0.78436 0.31460 0.20224
0.78436 0.32920 0.19657
0.78436 0.34373 0.19072
0.78436 0.35820 0.18469
0.78436 0.37259 0.17849
0.78436 0.38690 0.17214
0.78436 0.40115 0.16562
0.78436 0.41534 0.15896
0.78436 0.42945 0.15216
0.78436 0.44349 0.14522
31 0.00522 0.89333 0.14522
-0.00695 0.88631 0.15216
-0.01917 0.87925 0.15897
-0.03145 0.87216 0.16563
-0.04378 0.86504 0.17215
-0.05618 0.85788 0.17851
-0.06865 0.85069 0.18471
-0.08117 0.84345 0.19074
-0.09375 0.83619 0.19659
-0.10640 0.82889 0.20226
-0.11912 0.82155 0.20774
-0.13189 0.81417 0.21302
-0.14473 0.80676 0.21809
-0.15763 0.79931 0.22295
-0.17059 0.79183 0.22759
-0.18360 0.78431 0.23200
-0.19668 0.77676 0.23618
-0.20982 0.76918 0.24011
-0.22300 0.76157 0.24379
-0.23625 0.75392 0.24721
-0.24954 0.74625 0.25036
-0.26288 0.73855 0.25323
-0.27626 0.73082 0.25582
-0.28968 0.72307 0.25812
-0.30313 0.71530 0.26012
-0.31662 0.70752 0.26182
-0.33014 0.69971 0.26322
-0.34367 0.69190 0.26432
-0.35722 0.68408 0.26511
-0.37078 0.67625 0.26559
-0.38435 0.66841 0.26575
